"","accuracy","NA","NA","NA","NA","NA","NA","NA","NA","NA","NA","NA","NA","NA","NA","NA","NA","NA","NA","NA","NA","NA","NA","NA","NA","NA","NA","NA","NA","NA","NA","NA","NA","NA","NA","NA","NA","NA","NA","NA","NA","NA","NA","NA","NA","NA","NA","NA","NA","NA","NA","NA","NA","NA","NA","NA","NA","NA","NA","NA","NA","NA","NA","NA","NA","NA","NA","NA","NA","NA","NA","NA","NA","NA","NA","NA","NA","NA","NA","NA","NA","NA","NA","NA","NA"
"1",50,40.2639133300686,8.38303235114678,4.22790922846505,50,50,50,50,0,50,0,50,50,0,50,23.5922763439769,13.4265257614659,0,0,0,0,0,0,3.12012148373052,50,42.7049853139866,50,50,0,29.7769866502885,30,30,0,7.73724277638708,20.769411836067,30,12.2258853848949,30,0,30,30,7.70197027565205,10.5403849807309,30,14.553724821045,27.3522833630417,30,8.58850668551091,30,0,30,30,30,29.1808851429457,30,30,0.3,0,0.0545984369663502,0,0,0,0,0,0,0.3,0.3,0.3,0.011965466764949,0,0,0,0,0.0163988146375328,0,0,0,0.217099206868217,0.3,0,0,0,0.3,0,-35.8
"2",50,41.525540714472,12.1724638744962,3.69600270496948,50,50,50,50,0,50,0,50,50,0,50,28.187916582454,12.6750024861939,0,0,0,0,0,0,4.09434479957848,50,40.2851042132831,50,50,0,29.7664367518656,30,30,0,7.03335241728836,22.2882638816485,30,13.5611125718529,30,0,30,30,8.63872222901051,12.5080764320888,30,15.108817437648,28.4660330745603,30,6.76451626793337,30,0,30,30,30,29.8682773277411,30,30,0.3,0,0.0494883646429244,0,0,0,0,0,0,0.3,0.3,0.3,0.00800457915094811,0,0,0,0,0.0153843148648362,0,0,0,0.202753592964499,0.3,0,0,0,0.3,0,-38.4
"3",50,39.7949536854807,2.71227456633535,5.00036921782339,50,50,50,50,0,50,0,50,50,0,50,22.1457014617506,11.5874397756027,0,0,0,0,0,0,2.93215789564219,50,45.0891121569636,50,50,0,29.6834670628104,30,30,0,8.42782774837143,19.9073486785054,30,12.1927110710083,30,0,30,30,6.73854197382844,9.73577474460051,30,14.2559910821252,26.760661374794,30,9.38854349667991,30,0,30,30,30,29.5317800030159,30,30,0.3,0,0.0579097190595474,0,0,0,0,0,0,0.3,0.3,0.3,0.0144146850667249,0,0,0,0,4.52110720042948e-05,0,0,0,0.220009362987058,0.3,0,0,0,0.3,0,-38.5
"4",50,35.5102723438932,7.84271704416361,3.9123080151514,50,50,50,50,0,50,0,50,50,0,50,21.1391058208756,12.535898275452,0,0,0,0,0,0,1.72563311854769,50,41.5933734798785,50,50,0,29.469473138586,30,30,0,9.00133781633649,17.8943294969106,30,11.4668404739907,30,0,30,30,4.15197940946248,8.34962741154404,30,11.8888181919033,27.78519733254,30,10.0090206367468,30,0,30,30,30,29.0705998702365,30,30,0.3,0,0.0361688072097963,0,0,0,0,0,0,0.3,0.3,0.3,0.0136628305995558,0,0,0,0,0.00703465825422321,0,0,0,0.253555621322399,0.3,0,0,0,0.3,0,-40.9
"5",50,37.2535617983763,2.80670290518376,4.02370050229806,50,50,50,50,0,50,0,50,50,0,50,20.9214460394056,11.3297524685447,0,0,0,0,0,0,1.61665445309876,50,45.6744056365698,50,50,0,29.768130882311,30,30,0,8.51329145559152,18.2411562761427,30,12.5374344409575,30,0,30,30,5.2459999723455,8.26500821159389,30,12.7392276346786,27.586528264244,30,9.02850164071508,30,0,30,30,30,29.9985378215243,30,30,0.3,0,0.042925629386486,0,0,0,0,0,0,0.3,0.3,0.3,0.0124770513038888,0,0,0,0,0,0,0,0,0.235626628468731,0.3,0,0,0,0.3,0,-41
"6",50,43.0403528619704,8.97504882491775,4.2579856066477,50,50,50,50,0,50,0,50,50,0,50,25.8943551353041,12.6087394396609,0,0,0,0,0,0,4.26303744586613,50,42.3407147228544,50,50,0,29.9927263663945,30,30,0,7.10156963511474,22.6553798104482,30,11.5358313872262,30,0,30,30,9.48420625213824,12.7743844124095,30,17.4452393569765,27.1613142954063,30,7.36424374886814,30,0,30,30,30,29.0377063861992,30,30,0.3,0,0.0694987820576292,0,0,0,0,0,0,0.3,0.3,0.3,0.0114313709825612,0,0,0,0,0.0233340854150546,0,0,0,0.186792835000953,0.3,0,0,0,0.3,0,-37.3
"7",50,44.3010984649594,0,6.40832576047021,50,50,50,50,0,50,0,50,50,0,50,20.3261745562816,8.15659209646805,0,0,0,0.822922761524258,0,0,5.33509703076468,50,50,50,50,0,29.5906803391284,30,30,0,10.049394847174,21.4231274617872,30,11.5442990806673,30,0,30,30,7.07771375060844,11.2249336494627,30,17.0456578092943,25.7344161841186,30,10.4076236457521,30,0,30,30,30,30,30,30,0.3,0,0.0626284429906561,0,0,0,0,0,0,0.3,0.3,0.3,0.0173740461410894,0,0,0,0.000596232217983171,0.0168583727224007,0,0,0,0.197818486982267,0.3,0,0,0.00377919019144118,0.3,0,-41.3
"8",50,42.4439583473983,11.78151738886,3.76166944007293,50,50,50,50,0,50,0,50,50,0,50,26.2899890030261,12.7986866455417,0,0,0,0,0,0,3.77974374972546,50,40.8793088917736,50,50,0,29.8018578146848,30,30,0,7.32895781776219,22.6569873908656,30,11.2611910805349,30,0,30,30,8.75317611914267,12.3965453728101,30,16.4070378720675,27.944244285629,30,7.90835692255521,30,0,30,30,30,28.9735410679397,30,30,0.3,0,0.0597534153917228,0,0,0,0,0,0,0.3,0.3,0.3,0.00975922072200351,0,0,0,0,0.0173717114454736,0,0,0,0.199255073281352,0.3,0,0,0,0.3,0,-36.7
"9",50,42.0277508163264,6.46074233049706,3.6626490457451,50,50,50,50,0,50,0,50,50,0,50,23.9733046423141,11.0352513035505,0,0,0,0,0,0,2.7440208706048,50,44.3722782165216,50,50,0,29.7347861926935,30,30,0,7.85425129538756,20.6312433801964,30,11.5405399537245,30,0,30,30,7.24324775717027,10.5715165603158,30,15.1007994775643,27.2536204433797,30,8.51951508588247,30,0,30,30,30,29.3915484275349,30,30,0.3,0,0.0513403001118513,0,0,0,0,0,0,0.3,0.3,0.3,0.012784471293753,0,0,0,0,0.000818082814293011,0,0,0,0.212549602020849,0.3,0,0,0,0.3,0,-39.8
"10",50,39.3436100178245,12.6918372145468,5.0204236476484,50,50,50,50,0,50,0,50,50,0,44.5170595386718,24.3727472288701,15.5865934630577,0,0,0,0,0,0,3.13963474557443,50,40.3164946558464,50,50,0,29.8961378900675,30,30,0,8.09613646780844,20.7404278444495,30,13.1901051242569,30,0,30,30,8.10607284482886,10.2834862093142,30,14.5374761247111,27.5960296690966,30,7.4605611293413,30,0,30,30,30,28.5291851958435,30,30,0.3,0,0.0601299031099324,0,0,0,0,0,0,0.3,0.3,0.3,0.0102522104851845,0,0,0,0.000147279491800418,0.0404269067963613,0,0,0,0.214760009105956,0.3,0,0,0,0.3,0,-37.1
"11",50,41.7488171596118,10.2340552717524,3.95215523567556,50,50,50,50,0,50,0,50,50,0,50,25.1567529052005,12.964556186044,0,0,0,0,0,0,3.55464736468322,50,41.6820633283508,50,50,0,29.9191298693004,30,30,0,7.48512883788267,21.8764568145281,30,11.6557088981527,30,0,30,30,8.25004096894207,11.6434212808069,30,15.6470083958609,27.6869072035982,30,8.16471429203679,30,0,30,30,30,29.1406893956085,30,30,0.3,0,0.0585356903990036,0,0,0,0,0,0,0.3,0.3,0.3,0.0106511089341043,0,0,0,0,0.0176451260889277,0,0,0,0.206060613069077,0.3,0,0,0,0.3,0,-36.6
"12",50,45.9267992499176,8.69125514663461,6.17087434313981,50,50,50,50,0,50,0,50,50,0,50,26.8063638731633,12.7411529995824,0,0,0,0,0,0,5.71052753973576,50,47.7642762090441,50,50,0,29.8632568425272,30,30,0,8.09910443400607,24.3105149895674,30,13.6484497329187,30,0,30,30,13.7859943785104,13.5179326363222,30,19.3736908255716,28.547336127784,30,6.1856447014296,30,0,30,30,30,30,30,30,0.3,0,0.0990956039883021,0,0,0,0,0,0,0.3,0.3,0.3,0.00897940595510962,0,0,0,0,0.0259652108483685,0,0,0,0.163177612943165,0.3,0,0,0,0.3,0,-38.6
"13",50,41.081920806365,25.0011010358869,3.56845133415621,50,50,50,50,0,50,0,50,50,0,37.4530745816881,30.0499808329065,19.0744717845509,0,0,0,0.263062680654734,0,0,4.61587678221644,50,34.4410569047405,50,50,0,29.9605552306427,30,30,0,6.89810904874625,25.042991487446,30,11.446967210986,30,0,30,30,7.61500751780619,14.9627825280939,30,14.9580202075563,29.0936987476905,30,7.27234344806573,30,0,30,30,30,28.0014192222552,30,30,0.299919892368714,0,0.0546338370608041,0,0,0,0,0,0,0.3,0.3,0.3,0.00485772472352965,0,0,0,0,0.0733917190952773,0,0,0,0.19034145565992,0.3,0,0,0.00473215959314923,0.3,0,-40.9
"14",50,48.3248812293133,36.6809819643064,1.19415526716064,50,50,50,50,0,50,0,50,50,0,35.1018114667324,33.4467357693569,15.9275389072121,0,0,0,1.0169534765074,0,0,6.42817503717731,50,27.9461304252365,50,50,0,30,30,30,0,3.81953220716389,28.5475706740658,30,7.59370924744572,30,0,30,30,12.2147463577736,18.1325105604333,30,19.9499466173277,29.7871883846423,30,6.52986263218017,30,0,30,30,30,25.9060092149056,30,30,0.3,0,0.0719314207583652,0,0,0,0,0,0,0.3,0.3,0.3,0.000318234219870918,0,0,0,0,0.0936536455995361,0,0,0,0.1652263176267,0.3,0,0,0,0.3,0,-40.9
"15",50,49.0023995123439,20.7960660471669,0.98961308865948,50,50,50,50,0,50,0,50,50,0,50,32.6216612242357,9.97499379387446,0,0,0,0.582662777850072,0,0,6.72840721456962,50,37.2936972948409,50,50,0,29.829631712481,30,30,0,5.23251571216075,28.4003605322381,30,7.8737914816867,30,0,30,30,11.2754824610511,17.1393169862059,30,20.8891050012037,28.997003011368,30,6.53589171450738,30,0,30,30,30,29.0042317547524,30,30,0.3,0,0.066831634428235,0,0,0,0,0,0,0.3,0.3,0.3,0.00489707292627828,0,0,0,0,0.015487904402712,0,0,0,0.155654367118941,0.3,0,0,0,0.3,0,-39.8
"16",50,41.1913788189798,8.7618821568267,4.52401326653538,50,50,50,50,0,50,0,50,50,0,50,24.0701371612921,12.7520260777375,0,0,0,0,0,0,3.35472390259632,50,42.1705328265884,50,50,0,29.7446770832091,30,30,0,7.85912385944616,21.4729021478984,30,11.7057810113858,30,0,30,30,8.01760760577981,11.1461293203237,30,15.3796751090396,27.5175613549511,30,8.46403153769484,30,0,30,30,30,29.2096785845318,30,30,0.3,0,0.0583538783883465,0,0,0,0,0,0,0.3,0.3,0.3,0.0114501739170137,0,0,0,0,0.0133065246308724,0,0,0,0.210128203639852,0.3,0,0,0,0.3,0,-38.1
"17",50,38.4515714375013,8.72680383419326,3.46826270928948,50,50,50,50,0,50,0,50,50,0,50,24.167139841337,13.9621797432467,0,0,0,0,0,0,2.75086835748314,50,41.9522856466833,50,50,0,29.7253860464236,30,30,0,7.96388548250504,20.3895480124099,30,12.6738519329365,30,0,30,30,7.3396189851911,10.0847722577162,30,13.611719183339,27.4662542212079,30,8.48734001022056,30,0,30,30,30,29.3441559718248,30,30,0.3,0,0.0497498824393761,0,0,0,0,0,0,0.3,0.3,0.3,0.0110260667032022,0,0,0,0,0.0148192902022947,0,0,0,0.219728093984919,0.3,0,0,0,0.3,0,-38.1
"18",50,33.7453274306467,22.1004717093217,7.6976827105861,49.9470015648836,50,50,50,0,50,0,50,50,0,41.6474503076409,24.4855394978399,22.2766807710078,0,0,0,8.39106473555905,0,0.0975084044604473,1.28588910708944,50,33.0728312601337,50,50,0,28.5526870825271,30,30,0,7.03473781082441,20.5359160747621,30,14.2973264078124,30,0,30,30,9.05808175689946,11.2861838274536,30,13.0007082255622,29.4322895944944,30,7.04345784564166,30,0,30,30,30,27.7756824684485,30,30,0.3,0,0.0617522309347049,0,0,0,0,0,0,0.298884122757593,0.3,0.3,0.00256141013265451,0,0,0.0014333151441938,0,0.0930767130463744,0,0.0146552365499359,0,0.206476061905901,0.3,0,0,0.0292006656044006,0.3,0,-45.5
"19",50,42.3354483321003,8.48619186401944,4.80640588072988,50,50,50,50,0,50,0,50,50,0,50,25.1874198193469,12.6954947980456,0,0,0,0.0655416251923972,0,0,4.05691717138352,50,42.6596500109948,50,50,0,29.7064320636712,30,30,0,7.85724409855273,22.1006241567463,30,11.7082824229289,30,0,30,30,9.15908796007082,11.8911268079391,30,16.5769701739362,27.2011616704781,30,7.79213043673895,30,0,30,30,30,28.8925396953353,30,30,0.3,0,0.0666027931093869,0,0,0,0,0,0,0.3,0.3,0.3,0.011781450142268,0,0,0,0,0.0162155213219981,0,0,0,0.196429511126614,0.3,0,0,0,0.3,0,-36.9
"20",50,39.4097286930468,10.4666773900496,4.08531287145302,50,50,50,50,0,50,0,50,50,0,50,24.6247529005834,12.2353466815651,0,0,0,0,0,0,3.1223300283309,50,46.4205049589808,50,50,0,29.6429687718543,30,30,0,6.47473144752564,21.2405640206815,30,11.6946810244066,30,0,30,30,8.24701736893264,10.431951382913,30,15.7108137477587,26.8685272016423,30,9.09201480489494,30,0,30,30,30,29.292543679878,30,30,0.3,0,0.0499151496547149,0,0,0,0,0,0,0.3,0.3,0.3,0.0115347061369211,0,0,0,0,0.0231790135482341,0,0,0,0.221360029788719,0.3,0,0,0,0.3,0,-38.4
"21",50,39.4408749357421,8.10987096597071,3.49857891605211,50,50,50,50,0,50,0,50,50,0,50,23.867975293438,12.4427821814503,0,0,0,0,0,0,3.12278722252539,50,42.3718563129628,50,50,0,29.6366470760603,30,30,0,7.9670641923054,20.7789307119133,30,11.6930337763992,30,0,30,30,6.98679123026249,10.7089775487734,30,14.5383517868514,27.2182512548366,30,8.98108798266558,30,0,30,30,30,29.2179561106424,30,30,0.3,0,0.0527953847040642,0,0,0,0,0,0,0.3,0.3,0.3,0.0122280834401536,0,0,0,0,0.0135856277501781,0,0,0,0.220656852023238,0.3,0,0,0,0.3,0,-39.6
"22",50,45.4703695964031,15.0806075766639,3.69485132805386,50,50,50,50,0,50,0,50,50,0,46.260281029269,42.4368547697719,4.47225407122103,0,0,0,0,0,0,1.55041872406754,50,34.4228754127525,50,50,0,29.698984217277,30,30,0,2.65308910431989,27.764340955883,30,3.63895833160973,30,0,30,30,10.3312657145678,17.8430285431149,30,24.8937139729899,26.955880963161,30,2.03198711354132,30,0,30,30,30,28.9618407012472,30,30,0.3,0,0.0710827628367474,0,0,0,0,0,0,0.3,0.3,0.3,0.00610235680029238,0,0,0,0,0.0193225796108013,0,0,0,0.182820541407046,0.3,0,0,0,0.3,0,-42.8
"23",50,39.2359722185723,4.35576968539482,4.26594252238142,50,50,50,50,0,50,0,50,50,0,50,21.5733152949765,11.9459041420101,0,0,0,0,0,0,2.16861494919671,50,43.1214107610923,50,50,0,29.9202172181135,30,30,0,9.25144852626253,18.9944156667132,30,12.5718141090086,30,0,30,30,6.83676100492677,9.56842569441025,30,13.2924007234959,27.1577202757365,30,8.88767062035449,30,0,30,30,30,29.2874970900251,30,30,0.3,0,0.0498036053928832,0,0,0,0,0,0,0.3,0.3,0.3,0.013148904489479,0,0,0,0,0.00692051850415277,0,0,0,0.228162938121726,0.3,0,0,0,0.3,0,-41.5
"24",50,42.5624600635759,12.5484804414031,3.64198919688678,50,50,50,50,0,50,0,50,50,0,50,25.8791485531813,13.2241745408755,0,0,0,0,0,0,3.95159198788767,50,40.6362015959302,50,50,0,29.8605682996816,30,30,0,7.09965863117099,22.6924337189221,30,11.1756305685323,30,0,30,30,8.66019829534832,12.3762939226994,30,16.277420657704,27.939752927801,30,7.94983703222064,30,0,30,30,30,28.8872809188864,30,30,0.3,0,0.0601883355746362,0,0,0,0,0,0,0.3,0.3,0.3,0.00955788888834359,0,0,0,0,0.0198409736593821,0,0,0,0.199620903498429,0.3,0,0,0,0.3,0,-36.7
"25",50,38.3901346333885,6.13488026074028,3.69794171822753,50,50,50,50,0,50,0,50,50,0,50,22.3647473003895,14.0520513947853,0,0,0,0,0,0,1.08515565229893,50,44.2231453835845,50,50,0,29.5845064544828,30,30,0,8.30803164077977,19.6768555988265,30,13.1238291503036,30,0,30,30,6.61936364369323,9.11633780603276,30,12.888480859313,26.6494245587912,30,8.89728025326991,30,0,30,30,30,29.1294655838338,30,30,0.3,0,0.0371322746846575,0,0,0,0,0,0,0.3,0.3,0.3,0.0140030402536069,0,0,0,0,0.0183494566719959,0,0,0,0.256726373357396,0.3,0,0,0,0.3,0,-38.5
"26",50,42.0692234185787,8.92034086014256,5.0573426339573,50,50,50,50,0,50,0,50,50,0,50,25.6637645357011,13.6465747104346,0,0,0,0,0,0,3.49570553563587,50,42.9142871540423,50,50,0,29.7083722877383,30,30,0,7.39938928777093,21.8933721746712,30,12.4983656321447,30,0,30,30,9.52817730626003,11.9395967601503,30,16.3816110747466,27.4839749784635,30,7.26572258275914,30,0,30,30,30,29.2779551449008,30,30,0.299981866390311,0,0.0669468487273025,0,0,0,0,0,0,0.3,0.3,0.3,0.0109102271675557,0,0,0,0,0.0290661235456744,0,0,0,0.19187814968693,0.3,0,0,0.00264383718158613,0.3,0,-37.1
"27",50,38.5053510582842,6.8714577264081,3.72456546141696,50,50,50,50,0,50,0,50,50,0,50,21.6353284159835,13.3771128157685,0,0,0,0,0,0,2.16731155492491,50,42.7367517745065,50,50,0,29.780877029283,30,30,0,8.08042070005262,17.8531363991446,30,13.1679772953256,30,0,30,30,5.94969648460792,8.66371037510039,30,12.0985244466455,27.6248574214737,30,9.38012507749092,30,0,30,30,30,29.706069613986,30,30,0.3,0,0.041459865845695,0,0,0,0,0,0,0.3,0.3,0.3,0.0120841768173022,0,0,0,0,0.014339888565542,0,0,0,0.238481294265983,0.3,0,0,0,0.3,0,-41.2
"28",50,43.4651134331355,11.2278546731219,3.98872720820658,50,50,50,50,0,50,0,50,50,0,50,27.6841092924397,13.1031944830464,0,0,0,0,0,0,3.96267732924061,50,41.6232125667083,50,50,0,29.8284533021881,30,30,0,7.25303180064525,23.2801952798994,30,11.8356854518374,30,0,30,30,9.92950386019022,12.4316142706982,30,17.0262016030732,27.8021120203222,30,7.56345760930167,30,0,30,30,30,29.1078856466694,30,30,0.3,0,0.0614525174328817,0,0,0,0,0,0,0.3,0.3,0.3,0.00966502584903972,0,0,0,0,0.016972576239715,0,0,0,0.187147224009635,0.3,0,0,0,0.3,0,-36.6
"29",50,40.855757280883,9.08951208367496,2.79628324452576,50,50,50,50,0,50,0,50,50,0,50,23.4502548846536,12.9256638953861,0,0,0,0,0,0,3.08123092044299,50,40.2434664736037,50,50,0,29.6644322001811,30,30,0,7.7840395838951,21.696078168151,30,11.3712609896733,30,0,30,30,7.1893119582557,10.7093717702206,30,14.4136172034843,28.0989663908779,30,9.11399309093357,30,0,30,30,30,29.3092395799634,30,30,0.3,0,0.0518780808672969,0,0,0,0,0,0,0.3,0.3,0.3,0.0100945829616165,0,0,0,0,0.0180698834612946,0,0,0,0.221183318014026,0.3,0,0,0,0.3,0,-38.2
"30",50,45.9054494039502,20.3698258763544,3.18807050747089,50,50,50,50,0,50,0,50,50,0,50,31.1498223875883,12.8918712452264,0,0,0,0,0,0,6.59038251518165,50,36.0749288642234,50,50,0,29.8653213154791,30,30,0,5.98396514187106,26.0796060517287,30,9.88473193413391,30,0,30,30,11.1242683518406,15.9540738084336,30,19.5476336005913,29.033710882472,30,6.95348676410172,30,0,30,30,30,28.3410409514482,30,30,0.3,0,0.073396856235626,0,0,0,0,0,0,0.3,0.3,0.3,0.00513929316392554,0,0,0,0,0.0268092691511619,0,0,0,0.167365375481855,0.3,0,0,0,0.3,0,-39.6
"31",50,39.0659726017309,7.44413981709008,3.77115938894742,50,50,50,50,0,50,0,50,50,0,50,21.400717269895,11.9735892482165,0,0,0,0,0,0,3.13179483185166,50,43.5348953832949,50,50,0,29.6434299485562,30,30,0,7.55656199137911,20.0825459731492,30,11.6006039809184,30,0,30,30,7.46091058963321,10.1880745961536,30,13.9835063129034,27.0347364562783,30,9.88993098043107,30,0,30,30,30,29.001164301037,30,30,0.3,0,0.0536985994868979,0,0,0,0,0,0,0.3,0.3,0.3,0.013418985057033,0,0,0,0,0.0180362012044055,0,0,0,0.215331721059268,0.3,0,0,0,0.3,0,-36
"32",50,41.1774485001776,7.12169972214404,4.06948558177608,50,50,50,50,0,50,0,50,50,0,50,23.9365270551362,11.7691976930164,0,0,0,0,0,0,3.42372002176875,50,42.9264240592758,50,50,0,29.7563076775919,30,30,0,7.87855295291404,21.3600293402849,30,11.4461511944612,30,0,30,30,7.36219501673196,11.0672292443052,30,15.4734651639131,27.4985144866391,30,8.80534620044594,30,0,30,30,30,29.3246231517336,30,30,0.3,0,0.0579528065757025,0,0,0,0,0,0,0.3,0.3,0.3,0.0122106938102999,0,0,0,0,0.00288722692783912,0,0,0,0.211676175965544,0.3,0,0,0,0.3,0,-37.8
"33",50,39.8606958232336,9.76626674735362,3.55038725401707,50,50,50,50,0,50,0,50,50,0,50,25.0839385142622,13.0259931926247,0,0,0,0,0,0,2.9808801669902,50,41.0527408312064,50,50,0,29.5478530410108,30,30,0,7.8927486781102,21.52017871136,30,11.7143306759235,30,0,30,30,6.61714210626552,10.6604155976155,30,14.2843422497025,28.0420642084543,30,8.67180864719057,30,0,30,30,30,29.0639779225578,30,30,0.3,0,0.0482210484413372,0,0,0,0,0,0,0.3,0.3,0.3,0.00957946274625503,0,0,0,0,0.0137843408319007,0,0,0,0.221125042033342,0.3,0,0,0,0.3,0,-40
"34",50,39.0971025535613,6.79440325325651,3.34401705801081,50,50,50,50,0,50,0,50,50,0,50,23.9889802137832,9.64819916573729,0,0,0,0,0,0,2.42647250276442,50,43.8965165895677,50,50,0,29.5623955311846,30,30,0,7.69533993847494,20.0954116267228,30,11.1097537699997,30,0,30,30,5.42668547394623,9.07834477167,30,13.721046575226,27.6150913770394,30,9.237833407415,30,0,30,30,30,29.4982281505148,30,30,0.3,0,0.052136715060988,0,0,0,0,0,0,0.3,0.3,0.3,0.0122152505116179,0,0,0,0,0.00445073649543565,0,0,0,0.216591860079825,0.3,0,0,0,0.3,0,-41.4
"35",50,43.600596808235,8.48242582554083,3.47759450037695,50,50,50,50,0,50,0,50,50,0,50,25.7057313364583,10.650847375859,0,0,0,0,0,0,3.8202271651549,50,42.1431073701633,50,50,0,29.934941738879,30,30,0,7.25330185132074,22.8609903141325,30,10.2443738874922,30,0,30,30,8.0827848941233,12.457842949031,30,16.9379731400522,27.2420140020743,30,8.56173588791317,30,0,30,30,30,29.4196699018583,30,30,0.3,0,0.0585208416068639,0,0,0,0,0,0,0.3,0.3,0.3,0.0113445968318382,0,0,0,0,0,0,0,0,0.200832102279725,0.3,0,0,0,0.3,0,-38.1
"36",50,41.1483061248188,8.08019438136072,4.66087019477344,50,50,50,50,0,50,0,50,50,0,50,24.401365562621,14.4973113349675,0,0,0,0,0,0,2.88428613812616,50,43.3799902786752,50,50,0,29.8480777153583,30,30,0,8.88246920058852,20.9823984631025,30,13.1354394520381,30,0,30,30,8.13866794372666,9.38596728424492,30,13.1951988239119,28.0101135003626,30,8.44839085572142,30,0,30,30,30,29.3889915115348,30,30,0.3,0,0.0468917797463435,0,0,0,0,0,0,0.3,0.3,0.3,0.0112279240442848,0,0,0,0,0.0133114374284907,0,0,0,0.224505264107359,0.3,0,0,0,0.3,0,-40
"37",50,42.2145415881324,10.1771250321741,3.79694635668758,50,50,50,50,0,50,0,50,50,0,50,26.7738517491056,13.851460384322,0,0,0,0,0,0,4.21312856339044,50,43.0408243909688,50,50,0,29.8415279634703,30,30,0,7.13480475253282,22.2057377204862,30,12.6035048105997,30,0,30,30,9.94291942234547,11.9757411060172,30,16.2086748400162,27.3150485646147,30,7.49883352813751,30,0,30,30,30,29.3711626761875,30,30,0.3,0,0.0614926520802608,0,0,0,0,0,0,0.3,0.3,0.3,0.0107184549250371,0,0,0,0,0.022857740207429,0,0,0,0.191634215500203,0.3,0,0,0,0.3,0,-36.9
"38",50,43.5119097360771,15.580959749214,2.89547584626329,50,50,50,50,0,50,0,50,50,0,50,26.6103575015952,13.5578156766432,0,0,0,0,0,0,3.85007812741436,50,38.7218709965627,50,50,0,29.7596942823739,30,30,0,6.95557027801609,23.6938679010328,30,11.0035762981253,30,0,30,30,8.53665589690127,12.5202523356289,30,16.1842498769697,28.5696115248992,30,7.82594750973961,30,0,30,30,30,28.710688304076,30,30,0.3,0,0.0567950764202024,0,0,0,0,0,0,0.3,0.3,0.3,0.00779768794959883,0,0,0,0,0.0279706064632176,0,0,0,0.201353707203131,0.3,0,0,0,0.3,0,-36.8
"39",50,37.8219732385179,13.07111115655,2.33562958813141,50,50,50,50,0,50,0,50,50,0,49.1082128569242,23.1665638007355,13.0770232972143,0,0,0,0,0,0,2.53726461392776,50,39.0515061358399,50,50,0,29.2238840772717,30,30,0,7.68783540590367,20.3971710173601,30,11.3636537678897,30,0,30,30,5.08706967052785,10.1977296072525,30,12.6439852580902,29.0113344082374,30,9.72344947420937,30,0,30,30,30,28.9797809035329,30,30,0.3,0,0.0372422439204356,0,0,0,0,0,0,0.3,0.3,0.3,0.00886192492739509,0,0,0,0,0.0236940721608306,0,0,0,0.24295690593564,0.3,0,0,0,0.3,0,-38.1
"40",50,40.8144295846325,9.18650771759998,4.09612491457992,50,50,50,50,0,50,0,50,50,0,50,24.6910472082169,13.2646478112092,0,0,0,0,0,0,3.42064230821277,50,42.2892772215752,50,50,0,29.8172913866835,30,30,0,7.6096867833984,21.4272944814593,30,12.0090765418208,30,0,30,30,8.26170124338029,11.3258561293491,30,15.3578825787368,27.4114706309969,30,8.17152871436526,30,0,30,30,30,29.1840832740789,30,30,0.3,0,0.0586872235335463,0,0,0,0,0,0,0.3,0.3,0.3,0.0114441625143655,0,0,0,0,0.0154753995668908,0,0,0,0.207853320034613,0.3,0,0,0,0.3,0,-36
"41",50,37.9596904791464,7.45963146936282,2.9303795112292,50,50,50,50,0,50,0,50,50,0,50,21.6988442056504,12.2421051831782,0,0,0,0,0,0,2.44224401304597,50,42.4180647885341,50,50,0,29.7311842142363,30,30,0,8.11956594000083,19.5593132143869,30,12.0548490290523,30,0,30,30,5.75851728125719,8.98176815833362,30,12.5001495881283,27.4216300578507,30,10.024109513534,30,0,30,30,30,29.3192706252326,30,30,0.3,0,0.0408468499217329,0,0,0,0,0,0,0.3,0.3,0.3,0.0126447365933272,0,0,0,0,0.0120922981610842,0,0,0,0.234822212967242,0.3,0,0,0,0.3,0,-41.3
"42",50,40.999498712183,8.15607976659226,4.86630270359407,50,50,50,50,0,50,0,50,50,0,50,25.0689989191746,14.5372414787951,0,0,0,0,0,0,3.53454563496736,50,43.3700872539906,50,50,0,29.687329040706,30,30,0,7.55799705457497,21.3716830760835,30,12.8840142164386,30,0,30,30,9.71620185761351,11.503863161878,30,15.839077437912,26.611673236643,30,7.30501202998963,30,0,30,30,30,28.8970740617348,30,30,0.3,0,0.0653087515814033,0,0,0,0,0,0,0.3,0.3,0.3,0.0129992792245548,0,0,0,0,0.0240346648352754,0,0,0,0.196771640941026,0.3,0,0,0,0.3,0,-37.2
"43",50,32.9171781923742,0,3.63587790959054,50,50,50,50,0,50,0,50,50,0,50,21.3256602374818,4.79055574244352,0,0,0,0,0,0,4.37447316239119,50,45.4024668505567,50,50,0,29.0414893619408,30,30,0,12.2942992135186,16.789477759989,30,13.0011566927128,30,0,30,30,0.906234092580925,10.0274345391352,30,14.7490108580866,30,30,12.3728655504611,30,0,30,30,30,30,30,30,0.3,0,0.0643719076623523,0,0,0,0,0,0,0.3,0.3,0.3,0.0146349475546272,0,0,0,0,0,0,0,0,0.222942319718847,0.3,0,0,0,0.3,0,-43.8
"44",50,47.8850090925611,6.14984172749344,3.52782010665711,50,50,50,50,0,50,0,50,50,0,50,22.2221487654734,13.9909160036785,0,0,0,0,0,0,2.61193395032413,50,44.474066227821,50,50,0,29.8441012968663,30,30,0,7.16865531888959,28.2241714225491,30,10.5675726738619,30,0,30,30,6.7350469262165,8.6743377219884,30,12.9647506988237,27.3878113383084,30,8.24987171121767,30,0,30,30,30,29.54158514967,30,30,0.3,0,0.0562197670628185,0,0,0,0,0,0,0.3,0.3,0.3,0.0118514468022084,0,0,0,5.52793567913298e-05,0.0188737382492106,0,0,0,0.234967184278744,0.3,0,0,0,0.3,0,-36
"45",50,37.5279440740463,9.26133041484159,2.79753730161737,50,50,50,50,0,50,0,50,50,0,50,23.3961310267403,11.8768027915974,0,0,0,0,0,0,2.73952708854744,50,40.9414514387367,50,50,0,29.3571420751096,30,30,0,8.05254231508304,19.9111762332176,30,11.6118823545571,30,0,30,30,5.47016922926791,9.80687653993083,30,13.0967153288676,28.4589643842206,30,9.70871363097848,30,0,30,30,30,29.3564803535735,30,30,0.3,0,0.0416208184969706,0,0,0,0,0,0,0.3,0.3,0.3,0.00891165073929236,0,0,0,0,0.00564859468678125,0,0,0,0.236033782180234,0.3,0,0,0,0.3,0,-39.4
"46",50,41.2902906706624,14.3632859404354,5.59670511597627,50,50,50,50,0,50,0,50,50,0,49.9417964786798,30.4155075115539,14.1764765302882,0,0,0,0,0,0,5.30394167206049,50,41.2198751953647,50,50,0,29.7500831272964,30,30,0,5.62984952946904,24.8398324126237,30,14.0683412122794,30,0,30,30,12.2385888704728,15.4881804202399,30,20.6274594789527,27.532693834007,30,5.77057033260061,30,0,30,30,30,28.8121642722818,30,30,0.3,0,0.0840775556019632,0,0,0,0,0,0,0.3,0.3,0.3,0.00863073365384063,0,0,0,0,0.0247682972813046,0,0,0,0.167844325483197,0.3,0,0,0,0.3,0,-37.9
"47",50,40.8256034020417,9.60815030205577,4.07557640538392,50,50,50,50,0,50,0,50,50,0,50,24.35786646135,13.6700163045041,0,0,0,0,0,0,3.0621615384232,50,41.894512078144,50,50,0,29.8509644820974,30,30,0,7.73646815855641,21.062613083108,30,12.3079329441691,30,0,30,30,7.8318009114875,10.8464354245298,30,14.715900205732,27.6030729521569,30,8.29874780524803,30,0,30,30,30,28.9552249452237,30,30,0.3,0,0.0552090404257823,0,0,0,0,0,0,0.3,0.3,0.3,0.0109017793377597,0,0,0,0,0.0212798406367307,0,0,0,0.213886097889528,0.3,0,0,0,0.3,0,-36.1
"48",50,41.7721120947836,8.34225007739398,4.92037847013758,50,50,50,50,0,50,0,50,50,0,50,25.099620928863,13.4119797881086,0,0,0,0,0,0,5.00246472271081,50,43.5591985307119,50,50,0,29.6958539243497,30,30,0,7.26633303206869,21.8555171135299,30,12.5777894947013,30,0,30,30,9.12466955845793,12.0762605526885,30,16.7050594236206,26.9457095740771,30,7.41333163073471,30,0,30,30,30,29.476515704239,30,30,0.3,0,0.0770758249118016,0,0,0,0,0,0,0.3,0.3,0.3,0.0124049894767578,0,0,0,0,0.0277976857620344,0,0,0,0.194600111252755,0.3,0,0,0,0.3,0,-37.9
"49",50,47.3137461988879,17.3327844912822,4.86598460403237,50,50,50,50,0,50,0,50,50,0,50,30.3902346246185,15.5486616703531,0,0,0,0,0,0,5.19517010982216,50,39.5873671287412,50,50,0,29.8606167056637,30,30,0,5.8050748157193,25.540666379249,30,11.6664390994037,30,0,30,30,13.2993489058216,15.4198533185536,30,19.6546112738832,28.3953579609634,30,5.20588314708529,30,0,30,30,30,28.9623583999694,30,30,0.3,0,0.0800624630568151,0,0,0,0,0,0,0.3,0.3,0.3,0.00789546709751361,0,0,0,0,0.0137448974474654,0,0,0,0.155188469948066,0.3,0,0,0,0.3,0,-39.4
"50",50,35.3387440337154,9.44524706973254,2.74058727276457,50,50,50,50,0,50,0,50,50,0,50,20.1038272680278,12.703019112774,0,0,0,0,0,0,2.38497355638572,50,40.0335363763291,50,50,0,29.2317246907837,30,30,0,9.30364943151156,19.1825314583478,30,12.8703607988284,30,0,30,30,4.98084077566682,7.08523847691844,30,9.74833207977218,27.829103355531,30,9.59655611879294,30,0,30,30,30,28.0420119173436,30,30,0.3,0,0.0341762075820492,0,0,0,0,0,0,0.3,0.3,0.3,0.0116753248950683,0,0,0,0.000122219844805777,0.0176730780122503,0,0,0,0.246717911161144,0.3,0,0,0,0.3,0,-38.9
"51",50,24.4882922220656,0,0,50,50,50,50,0,50,0,50,50,0,50,0,34.1931295578245,0,0,0,0,0,0,0,50,50,50,50,0,27.5806196002855,30,30,0,30,0,30,30,30,0,30,30,0,0,30,0,30,30,30,30,0,30,30,30,30,30,30,0.3,0,0,0,0,0,0,0,0,0.3,0.3,0.3,0.0492564073997636,0,0,0,0,0.0378836587851202,0,0,0,0.3,0.3,0,0,0,0.3,0,-52.7
"52",50,39.0807120355522,7.13834095608441,3.86316731928589,50,50,50,50,0,50,0,50,50,0,50,22.4770520416637,13.476347717321,0,0,0,0,0,0,2.83316555218202,50,42.7186360788684,50,50,0,29.6857828618475,30,30,0,7.56199102499052,20.3274065389446,30,12.3786116846831,30,0,30,30,7.43460655789029,10.2659358902929,30,14.2310810243194,27.0914642357124,30,8.56333233423925,30,0,30,30,30,29.1955073478383,30,30,0.3,0,0.0533495279424603,0,0,0,0,0,0,0.3,0.3,0.3,0.0127031149023115,0,0,0,0,0.0152953402599803,0,0,0,0.218555332317949,0.3,0,0,0,0.3,0,-35.9
"53",50,38.3203410574404,11.1181692553873,2.04413817794958,50,50,50,50,0,50,0,50,50,0,50,24.4629524323682,13.6442350509989,0,0,0,0.273227298320395,0,0,3.73439675507385,50,39.9393937679053,50,50,0,29.8374632260368,30,30,0,8.66327696430298,21.0005356621616,30,11.8856671364995,30,0,30,30,6.71795521294365,10.7528532099225,30,14.484806885141,28.7586027683239,30,8.31052319774277,30,0,30,30,30,28.4761191767121,30,30,0.3,0,0.0558071082715773,0,0,0,0,0,0,0.3,0.3,0.3,0.00796605513283277,0,0,0,0,0.0046869984137281,0,0,0,0.217065055916963,0.3,0,0,0,0.3,0,-38.4
"54",50,43.0008209205891,2.27983869386713,2.35548251052366,50,50,50,50,0,50,0,50,50,0,49.3903826503119,27.2539525006752,8.96011286503734,0,0,0,0,0,0,3.10781134182321,50,45.6638757400657,50,50,0,30,30,30,0,10.3937437418238,19.3635441579142,30,9.35325745687041,30,0,30,30,3.42703846089238,11.993664608227,30,15.6065936411993,27.9981643175881,30,8.25572968575713,30,0,30,30,30,30,30,30,0.3,0,0.0395358963382923,0,0,0,0,0,0,0.3,0.3,0.3,0.00515158748878787,0,0,0,0,0,0,0,0,0.222941920041045,0.3,0,0,0,0.3,0,-42.8
"55",50,42.2445168976755,14.4188724509091,2.75190326946635,50,50,50,50,0,50,0,50,50,0,50,30.3381767986544,8.52432008112651,0,0,0,0,0,0,5.30892375545734,50,37.5112218992508,50,50,0,29.8489343468303,30,30,0,6.98638378018126,23.9170572198428,30,7.2784929719676,30,0,30,30,11.7961250741297,16.7858736288586,30,21.9170702507174,27.7949392804953,30,6.38212924843419,30,0,30,30,30,28.5634769745459,30,30,0.3,0,0.0648835452050693,0,0,0,0,0,0,0.3,0.3,0.3,0.00688750788830185,0,0,0,0,0.0231796643274362,0,0,0,0.143904837623156,0.3,0,0,0,0.3,0,-39.3
"56",50,47.5360608380014,7.51154032209564,2.52555588316191,50,50,50,50,0,50,0,50,50,0,50,26.9719611867717,8.36282993846645,0,0,0,0,0,0,3.77172785087753,50,43.2051654173753,50,50,0,30,30,30,0,6.34174140091988,23.8047336272328,30,9.25446247850159,30,0,30,30,9.20497486883103,13.1629026219679,30,18.8149001553143,28.5338234033621,30,7.93104940900879,30,0,30,30,30,29.0835450084093,30,30,0.3,0,0.0631463856663268,0,0,0,0,0,0,0.3,0.3,0.3,0.0113420036866055,0,0,0,0,0,0,0,0,0.188324502486886,0.3,0,0,0,0.3,0,-38.3
"57",50,42.1359865494097,11.4949998262637,3.80226613386188,50,50,50,50,0,50,0,50,50,0,50,25.8411162087236,12.7994229821836,0,0,0,0,0,0,3.77202066003018,50,41.0366628337057,50,50,0,29.7739904695582,30,30,0,7.31605164864652,22.4540380989958,30,11.3125271875765,30,0,30,30,8.45935906557238,12.1371319402654,30,16.1324267963294,27.9067964203126,30,8.01307516120443,30,0,30,30,30,29.0341569883519,30,30,0.3,0,0.0596976238496233,0,0,0,0,0,0,0.3,0.3,0.3,0.00993970821772492,0,0,0,0,0.0184681784457007,0,0,0,0.20178732739179,0.3,0,0,0,0.3,0,-36.7
"58",50,43.5108368154834,14.8878161088793,3.21700438276247,50,50,50,50,0,50,0,50,50,0,50,27.2931209838357,12.9716463413227,0,0,0,0,0,0,4.06582829843312,50,39.4025597811375,50,50,0,29.7908545498696,30,30,0,6.9739101973625,23.4592033167419,30,10.8538676927846,30,0,30,30,8.86192994556771,12.9378468487189,30,16.6713463947156,28.5435731801476,30,7.63312563780488,30,0,30,30,30,28.8403486757723,30,30,0.3,0,0.0594639036408491,0,0,0,0,0,0,0.3,0.3,0.3,0.00801696755572558,0,0,0,0,0.0251873637512275,0,0,0,0.196156215522774,0.3,0,0,0,0.3,0,-36.8
"59",50,41.8442557820597,9.19764166810433,3.22690477241884,50,50,50,50,0,50,0,50,50,0,50,24.5378928834073,11.1992621601407,0,0,0,0,0,0,3.39114436368062,50,41.7274580476831,50,50,0,29.5777746593087,30,30,0,7.76052992103208,21.7374167201462,30,10.9685292789559,30,0,30,30,6.76802640094283,11.1735982766751,30,15.082713220066,28.3278242733033,30,9.03939388247258,30,0,30,30,30,29.4185025869358,30,30,0.3,0,0.0515129710968957,0,0,0,0,0,0,0.3,0.3,0.3,0.0106089918497333,0,0,0,0,0.0089151284565482,0,0,0,0.217599021442162,0.3,0,0,0,0.3,0,-40
"60",50,43.8520915024641,13.6173236410004,3.75463052400293,50,50,50,50,0,50,0,50,50,0,50,27.3321181747205,12.8015161130364,0,0,0,0,0,0,4.25494159929601,50,39.7140226529386,50,50,0,30,30,30,0,6.84990270167552,23.6608403660284,30,10.8227864815193,30,0,30,30,9.10923668085722,13.3047223429604,30,17.24244949995,28.1125156301638,30,7.4499105247913,30,0,30,30,30,28.9527211110445,30,30,0.3,0,0.0636225010003888,0,0,0,0,0,0,0.3,0.3,0.3,0.00843226946789193,0,0,0,0,0.0147194941204644,0,0,0,0.19125024286548,0.3,0,0,0,0.3,0,-38.8
