"","accuracy","NA","NA","NA","NA","NA","NA","NA","NA","NA","NA","NA","NA","NA","NA","NA","NA","NA","NA","NA","NA","NA","NA","NA","NA","NA","NA","NA","NA","NA","NA","NA","NA","NA","NA","NA","NA","NA","NA","NA","NA","NA","NA","NA","NA","NA","NA","NA","NA","NA","NA","NA","NA","NA","NA","NA","NA","NA","NA","NA","NA","NA","NA","NA","NA","NA","NA","NA","NA","NA","NA","NA","NA","NA","NA","NA","NA","NA","NA","NA","NA","NA","NA","NA","NA"
"1",50,38.4374154420034,36.9446459356543,2.839796056594,50,50,50,50,0,50,0,50,50,0,29.9434073751241,30.9694978928521,22.8009919083785,0,0,0,10.7309523963257,0,0,3.92009669521974,50,30.2788425551907,50,50,0,30,30,30,0,4.43444140464042,23.296469622311,30,12.6315955264722,30,0,30,30,12.4304056321263,13.9956868289495,30,14.5694534475333,30,30,5.16454943847684,30,0,30,30,30,25.6032519294484,30,30,0.3,0,0.0453937236171601,0,0,0,0,0,0,0.3,0.3,0.3,0,0,0,0,0.0072427451570963,0.137902188489289,0,0,0,0.199957846665186,0.3,0,0,0.0192309326670898,0.3,0,-45
"2",50,50,38.5465077844856,2.29510893178614,50,50,50,50,0,50,0,50,50,0,30.3786097075029,31.8155561987661,18.9110729321844,0,0,0,1.41136619145348,0,0,5.2844141609335,50,30.2086471567942,50,50,0,30,30,30,0,4.68308408495885,30,30,4.04718020680111,30,0,30,30,14.2912016085634,18.0679882404783,30,23.1355104977566,30,30,6.63727861939306,30,0,30,30,30,23.318939545204,30,30,0.3,0,0.09649929784827,0,0,0,0,0,0,0.3,0.3,0.3,0,0,0,0,0,0.116669183472573,0,0,0,0.138902647519686,0.3,0,0,0,0.3,0,-43.1
"3",50,37.4236325684517,34.1650316391385,0,50,50,50,50,0,50,0,50,50,0,29.3715064191682,28.8443063741749,25.6953859977664,0,0,0,10.9578332462713,0,0,3.52426379267189,50,32.706052607411,50,50,0,30,30,30,0,4.24502760653887,23.5398421489725,30,14.1997114765688,30,0,30,30,13.6994701139494,14.7187069586044,30,16.7968305480342,29.4199451499321,30,3.05001511252298,30,0,30,30,30,28.431463097609,30,30,0.299449640379227,0,0.0349871768794214,0,0,0,0,0,0,0.3,0.3,0.3,0,0,0,0,0,0.119278803964797,0,0,0,0.209537047196806,0.3,0,0,0.0394926643624131,0.3,0,-45.1
"4",50,50,43.3930981832182,0,50,50,50,50,0,50,0,50,50,0,33.3715257790739,35.6311915760713,17.8529798904454,0,0,0,0,0,0,7.07184021040466,50,26.167196132103,50,50,0,30,30,30,0,3.95749921741794,30,30,4.27631114063317,30,0,30,30,13.2759248986129,20.2987036869553,30,22.7115850618579,30,30,4.78325020637009,30,0,30,30,30,23.3912863597496,30,30,0.3,0,0.081833096251679,0,0,0,0,0,0,0.3,0.3,0.3,0,0,0,0,0.013654700925095,0.083579901412161,0,0,0,0.145018895423111,0.3,0,0,0,0.3,0,-43.1
"5",50,36.8826737527386,31.583985971625,3.65267090423155,50,50,50,50,0,50,0,50,50,0,32.6230788727529,31.0876994941516,23.0240407844905,0,0,0,8.96258340350984,0,0,1.19471278794801,50,35.0070434829704,50,50,0,30,30,30,0,5.27546356539446,20.8245734939888,30,15.4490625411094,30,0,30,30,12.3015015356745,11.5777291759405,30,13.0366194857486,30,30,1.86444996435191,30,0,30,30,30,29.8514132544893,30,30,0.3,0,0.0388184623133459,0,0,0,0,0,0,0.3,0.3,0.3,0,0,0,0,0.0026690274003752,0.118734317551524,0,0,0,0.189821755042962,0.3,0,0,0.0294448980604408,0.3,0,-50.6
"6",48.0899694124791,42.4211251048059,35.8220379483855,11.921742718074,50,50,50,50,0,50,0,50,50,0,36.4623427942152,33.2948546989649,24.8470523535662,0,0,0,0,0,0,0.137501731414187,50,41.2880262513069,50,50,0,30,30,30,0,10.514035064055,27.1472039623971,30,12.5003991909125,30,0,30,30,16.6453841848076,11.2794550501568,30,13.2523827838739,26.6348588019354,30,6.081903109463,30,0.575968372683891,30,30,30,28.9890349167372,30,30,0.3,0,0.0529933584797066,0.00588213093069757,0,0,0,0,0,0.3,0.3,0.3,0.00378412195087781,0,0,0,0,0.104866668937073,0,0,0,0.199082157672348,0.3,0,0,0.00751222335367781,0.3,0,-41.7
"7",50,37.4671269900754,39.3126937156819,3.64903825300557,50,50,50,50,0,50,0,50,50,0,27.0803926496559,30.6129029298407,24.071500528595,0,0,0,14.6815932675175,0,0,4.84946335937656,50,25.5520511206849,50,50,0,30,30,30,0,3.8459638844559,24.0156333429357,30,12.1310458099392,30,0,30,30,12.3428983492576,13.5807575189164,30,14.8996246240635,30,30,5.79971244755822,30,0,30,30,30,25.1800511583914,30,30,0.3,0,0.0657492931368027,0,0,0,0,0,0,0.3,0.3,0.3,0,0,0,0,0.0080067129430089,0.143017829015761,0,0,0,0.205151410036686,0.3,0,0,0.0526763934515963,0.3,0,-42.5
"8",50,48.3630111735912,40.426690765743,0,50,50,50,50,0,50,0,50,50,0,34.7681578619593,35.208045101243,21.9048157324693,0,0,0,0,0,0,5.46971994564347,50,22.870125159279,50,50,0,30,30,30,0,5.96778248008977,30,30,8.11500557760336,30,0,30,30,14.758248655899,19.4471574800912,29.6218968810393,20.6835095235863,30,29.7468798045158,6.30729743108052,30,0,30,30,30,24.1454269554005,30,30,0.3,0,0.0601224309357437,0,0,0,0,0,0,0.3,0.3,0.3,0,0,0,0,0,0.0799740848358845,0,0,0,0.170876652111384,0.3,0,0,0,0.3,0,-43.9
"9",49.5627204668367,46.9663427633604,34.8338150408673,1.4293673544169,50,50,50,50,0,50,0,50,50,0,32.2430976884363,37.7607503409873,16.956894805492,0,0,0,4.60969841424493,0,0,1.19728905561044,50,37.5529988710932,50,50,0,30,30,30,0,4.70916190940833,22.4509646293196,30,12.9400592388131,30,0,30,30,14.1904272140391,14.7630575443482,30,16.9689123203052,30,30,0.243843161330711,30,0,30,30,30,30,30,30,0.3,0,0.0352245498800272,0,0,0,0,0,0,0.3,0.3,0.3,0,0,0,0,0.0187217684794405,0.10208448479034,0,0,0,0.145644979095648,0.3,0,0,0,0.3,0,-52.7
"10",50,37.3024195232028,36.0473719776598,4.38046155426978,50,50,50,50,0,50,0,50,50,0,29.3651106428596,30.9910056720971,24.2921227856074,0,0,0,10.9665094135827,0,0,3.02311202035291,50,29.8879788127345,50,50,0,29.8556710885574,30,30,0,6.23937536973648,23.2192534516207,30,14.3298763068815,30,0,30,30,12.1903897791867,12.8242096745951,30,14.4739684585823,30,30,4.18595525174429,30,0,30,30,30,26.2914007114543,30,30,0.3,0,0.0561500295351235,0,0,0,0,0,0,0.3,0.3,0.3,0,0,0,0,0.00116066292260489,0.141119895121788,0,0,0,0.196942391038725,0.299391604308106,0,0,0.0477406669069268,0.3,0,-46.1
"11",50,42.5204610344882,41.9661499234607,3.4827124163185,50,50,50,50,0,50,0,50,50,0,24.738072160617,34.4301130565951,22.3776135239599,0,0,0,11.93071969814,0,0,4.15327254427056,50,26.7472563578076,50,50,0,30,30,30,0,5.68526867634213,25.3961589712686,30,11.8383069228958,30,0,30,30,13.7569852763392,16.2231033851096,30,18.0738861256856,30,30,3.12185219448194,30,0,30,30,30,25.7910992878377,30,30,0.3,0,0.0627280584992527,0,0,0,0,0,0,0.3,0.3,0.3,0,0,0,0,0.00113818681942187,0.155147239104334,0,0,0,0.173058444135028,0.3,0,0,0.0313902660952801,0.3,0,-43.4
"12",50,44.6111399464669,46.1684490545447,0,50,50,50,50,0,50,0,50,50,0,33.382423576874,35.5214518293897,26.5149874422525,0,0,0,13.1688811075076,0,0,2.18636695431314,50,17.8496232045464,50,50,0,30,30,30,0,0,26.1888324457833,30,8.21691816544219,30,0,30,30,9.39343292291859,18.0888913173736,30,16.9215360103501,30,30,2.91462657744311,30,0,30,30,30,25.1848901308257,30,30,0.3,0,0.024127732715297,0,0,0,0,0,0,0.3,0.3,0.3,0,0,0,0,0,0.155960918264044,0,0,0,0.172090464592787,0.3,0,0,0.030109513434693,0.3,0,-49.9
"13",50,41.9075331288337,37.6373342624811,3.36580636016699,50,50,50,50,0,50,0,50,50,0,25.597433615481,34.8729412259578,23.7683319191244,0,0,0,3.74686462698959,0,0,5.83771037204962,50,28.8810472222117,50,50,0,30,30,30,0,5.55705347976838,28.7536380576148,30,10.6716935507439,30,0,30,30,8.81298879546261,18.8975854080535,30,16.2503928318429,30,30,5.93364921489348,30,0,30,30,30,26.5200355444695,30,30,0.3,0,0.0575638653236632,0,0,0,0,0,0,0.3,0.3,0.3,0,0,0,0,0.00212499648575703,0.128597997274941,0,0,0,0.164114124339186,0.3,0,0,0.0109398041513877,0.3,0,-44.7
"14",50,46.6266254472633,35.8592854433808,2.40572035963257,50,50,50,50,0,50,0,50,50,0,34.3679604116141,34.261061481571,16.2548559991632,0,0,0,2.55919311765989,0,0,4.3131302397721,50,28.3845119092196,50,50,0,30,30,30,0,4.23849681154076,27.7701485171483,30,9.15661730943703,30,0,30,30,11.9819619874969,16.6936455985507,30,19.3409319414718,30,30,5.64620147534638,30,0,30,30,30,26.461675472423,30,30,0.3,0,0.0780339133064439,0,0,0,0,0,0,0.3,0.3,0.3,0,0,0,0,0,0.112462856671204,0,0,0,0.163598281422867,0.3,0,0,0,0.3,0,-43.9
"15",49.5974027650215,40.4359276095366,36.6394715641402,6.6813005389066,50,50,50,50,0,50,0,50,50,0,32.3808746986689,34.7130860665718,23.4393036095983,0,0,0,10.7454565925934,0,0,2.9095942386411,50,31.4896343790675,50,50,0,30,30,30,0.477367798202409,7.63370321997312,22.4192379867265,30,11.379410016597,30,0,30,30,12.8474131686508,14.2095800972141,30,17.9806525421194,30,30,3.61859751188497,30,0,30,30,30,25.6857125698595,30,30,0.3,0,0.0680692273848194,0,0,0,0,0,0,0.3,0.291038290675522,0.3,0,0,0,0,0,0.105210002639683,0,0.00555464101790285,0,0.147574136168253,0.294571301250118,0,0,0.00806783131440268,0.298989344142655,0,-46
"16",50,45.3580333934976,37.964985857392,7.93343267160901,50,50,50,50,0,50,0,50,50,0,35.1274142034255,27.7969537346171,22.2131741042525,0,0,0,8.74076633521201,0,0,3.49720137933756,50,26.1993445850209,50,49.8850513164681,0,30,30,30,0,8.44239049698145,26.8125365494042,30,10.8600750222455,30,0,30,30,15.514343389223,14.1860868830597,30,17.5342540689018,30,30,5.44522849802162,30,0,29.7082062602127,30,30,26.4526658820548,30,30,0.3,0,0.0542432423505723,0.00368021928648907,0,0,0,0,0,0.3,0.3,0.3,0.00280631874756049,0,0,0,0.000941493450646522,0.135495049827317,0,0.000122607956553984,0,0.188909723671413,0.3,0,0,0.0121966311076077,0.299565995823697,0,-47.1
"17",50,43.7642919208696,35.7921486293693,3.54522903154443,50,50,50,50,0,50,0,50,50,0,31.9192939734545,32.0465790447568,17.5984696224205,0,0,0,7.12790479847539,0,0,5.25200735014707,50,32.3385126226457,50,50,0,30,30,30,0,4.89347587043139,26.2475681669179,30,9.09897999112091,30,0,30,30,13.058777381333,17.1535510664791,30,19.8397989646782,30,30,3.90343144692021,30,0,30,30,30,28.5244124195468,30,30,0.3,0,0.0672088586508326,0,0,0,0,0,0,0.3,0.3,0.3,0,0,0,0,0,0.0872843387895413,0,0,0,0.19169278637273,0.3,0,0,0,0.3,0,-42.8
"18",50,37.2343595712855,29.581823678006,5.75481877400815,50,50,50,50,0,50,0,50,50,0,37.3826651843198,28.3702156541417,23.3140250031583,0,0,0,8.06195220698698,0,0,2.13875372121765,50,31.9767686616445,50,50,0,30,30,30,0,5.859705035601,22.5960444628408,30,13.2001049598091,30,0,30,30,11.246845367585,12.6607490548049,30,15.488390744454,30,30,4.70610390174907,30,0,30,30,30,25.7093992330574,30,30,0.3,0,0.0655448695156338,0,0,0,0,0,0,0.3,0.3,0.3,0,0,0,0,0,0.116305482363921,0,0,0,0.180467123245044,0.3,0,0,0.0108698425914053,0.3,0,-45.9
"19",50,37.8119530690592,30.681057875551,5.38377161847918,50,50,50,50,0,50,0,49.5118210163205,48.7805386127741,0,30.6316364147687,28.26909099652,21.3373531109266,0,0,0,11.5585852841153,0,0,4.95793986876537,50,32.3072443570664,50,50,0,28.7344833416828,29.5133026877075,30,0,8.41314288486658,23.807122217611,30,12.4183138050496,30,0,30,30,14.6331389692655,12.6665574004536,29.4663409540233,15.8011606894185,30,29.1061289112046,5.23254510730677,29.043338701133,0.256875745724003,30,30,30,24.4837128491413,30,30,0.294292586560031,0.00217331760730629,0.0641518731358976,0.00608824425243114,0,0,0,0,0,0.295035764944611,0.299149448510236,0.3,0,0.00200705150087255,0,0,0.0188087561577799,0.14467038185394,0.00401066539749042,0.00914120093990215,0,0.200110955340132,0.297180536650131,0,0,0.0566779785521807,0.296415884301126,0,-43.3
"20",50,39.8233640700485,23.3030672947371,7.16992904790532,50,50,50,50,0,50,0,50,50,0,21.4666780813156,34.9105105792877,23.0413405496836,0,0,0,6.55459765862886,0,0,6.75778919872136,50,50,50,50,0,30,30,30,0,0,27.6721184259542,30,13.0788638083416,30,0,30,30,7.5916948740842,20.2785134049949,30,18.5934845486163,30,30,0,30,0,30,30,30,29.1588375130916,30,30,0.3,0,0.105967228393266,0,0,0,0,0,0,0.3,0.3,0.3,0,0,0,0,0,0.0864491089592076,0,0,0,0.102615362265821,0.3,0,0,0.0669930852256852,0.3,0,-53.3
"21",50,40.2677223725349,38.8025377758328,4.51863862981973,50,50,50,50,0,50,0,50,50,0,29.8601331757825,30.543242049544,23.7955166197105,0,0,0,11.0950042966655,0,0,4.74202494669984,50,28.0770810779037,50,50,0,29.9245496741051,30,30,0,4.19362644875925,24.7964085024891,30,12.4370774775639,30,0,30,30,13.3348118869081,14.3593974100573,30,15.5033288711632,30,30,5.13660781060869,30,0,30,30,30,26.357206516092,30,30,0.3,0,0.0537423904286222,0,0,0,0,0,0,0.3,0.3,0.3,0,0,0,0,0,0.143032032319877,0,0,0,0.187993407194996,0.3,0,0,0.024686441879282,0.3,0,-45.5
"22",50,11.8251818437323,18.3593626471419,6.44198996880962,50,50,50,50,0,50,0,50,50,0,34.9918278588366,16.4149419319388,34.0803941410338,0,0,0,18.4222901529409,0,0,0,50,34.360394358145,50,50,0,28.5940242355729,30,30,0,3.96433958293345,11.6308953429198,30,22.8819302116151,30,0,30,30,6.01139578242234,1.94680530251685,30,0.841262628249719,25.9544168865339,30,8.30862847728595,30,0,30,30,30,29.8454655602448,30,30,0.3,0,0.000212974223416373,0,0,0,0,0,0,0.3,0.3,0.3,0,0,0,0,0,0.141135502603083,0,0.0209312480657806,0,0.298631021592405,0.296165719592354,0,0,0.0675816337370463,0.3,0,-46
"23",50,48.3422817876576,39.5410016780594,0,50,50,50,50,0,50,0,50,50,0,27.8175183555687,34.8226141466044,19.7524088762075,0,0,0,8.88852822057052,0,0,6.21269460166963,50,32.3782282410397,50,50,0,30,30,30,0,0.914339053233687,29.6070911110488,30,9.17951264917953,30,0,30,30,8.65367284670067,14.9751643206348,30,17.4647965742006,30,30,7.48244549137976,30,0,30,30,30,23.4973135339629,30,30,0.3,0,0.0542729462200458,0,0,0,0,0,0,0.3,0.3,0.3,0,0,0,0,0,0.107005550886709,0,0,0,0.197102478877646,0.3,0,0,0,0.3,0,-44
"24",48.1903866308602,30.4479128278219,33.984765679298,4.38145075830973,50,50,50,50,0,50,0,50,50,0,27.8705680724133,27.6565706965993,29.4939317966139,0,0,0,17.3346129133412,0,0,2.31342759542753,50,32.3800520429109,50,50,0,30,30,30,0,6.44367925753181,19.031096854227,30,16.820630604954,30,0,30,30,11.369474534561,10.6592455452892,30,11.7477575589543,27.7723080958489,30,3.41293031958824,30,0,30,30,30,26.3496077219094,30,30,0.3,0,0.04210449265792,0,0,0,0,0,0,0.3,0.3,0.3,0,0,0,0,0,0.167555023361452,0,0,0,0.208191582115593,0.3,0,0,0.084156427602881,0.3,0,-48.1
"25",50,36.6549627704517,36.4164500899205,4.3341667303156,50,50,50,50,0,50,0,50,50,0,28.6894436503176,29.9025476730895,24.826139492953,0,0,0,11.9093329947069,0,0,4.00408385267678,50,29.9347575381069,50,50,0,30,30,30,0,5.35670078657531,22.7562634894447,30,13.6012989942909,30,0,30,30,12.5359038363115,13.330173397866,30,14.1361398754993,30,30,4.47077831854443,30,0,30,30,30,25.8623734077632,30,30,0.3,0,0.0545393764744761,0,0,0,0,0,0,0.3,0.3,0.3,0,0,0,0,0.00784103307275142,0.14595623174079,0,0,0,0.200852843617186,0.3,0,0,0.0411768409460636,0.3,0,-41.6
"26",50,45.3890657473701,41.2126747927907,1.20727175807609,50,50,50,50,0,50,0,50,50,0,29.4949024478486,32.47580015012,20.5084720398064,0,0,0,7.32947000733957,0,0,6.69356506010085,50,26.8597406740376,50,50,0,29.5019406598068,30,30,0.103088072138283,4.02636205061783,27.8459890635449,30,8.75230077076235,30,0,30,30,12.814016959463,17.265935443931,30,18.0898964067709,30,30,4.90061048133632,30,0,30,30,30,24.4888870919499,30,30,0.3,0,0.0589355503907201,0,0,0,0,0,0,0.3,0.3,0.3,0,0,0,0,0.000147812110381203,0.130574253733198,0,0,0,0.182417124825867,0.297491035041034,0,0,0,0.3,0,-45.1
"27",50,29.4154859031492,27.4733265744584,3.20495109557172,50,50,50,50,0,50,0,50,50,0,33.8163426014575,30.3376913200127,22.5279204897178,0,0,0,11.335023576421,0,0,0.767101950703293,50,32.5630005860637,50,50,0,30,30,30,0,5.11646019101696,18.1177667991508,30,19.0826974152051,30,0,30,30,11.7976600766408,8.51606035364255,30,10.4991448024894,30,30,3.20129512597289,30,0,30,30,30,27.7668855009377,30,30,0.3,0,0.00669680144825428,0,0,0,0,0,0,0.3,0.3,0.3,0,0,0,0,0.00109942628555357,0.134201974758677,0,0,0,0.197805419410851,0.3,0,0,0.0129867835561208,0.3,0,-46.1
"28",50,46.6825026126888,50,0,50,50,50,50,0,50,0,50,50,0,37.4962907381454,20.2957297513009,22.5297166558907,0,0,0,3.4208619717478,0,0,6.76891949559528,50,25.0492621991108,50,50,0,30,30,30,0,0,30,30,5.57933601273404,30,0,30,30,5.02490553264401,21.8009323533066,30,17.6846159645976,30,30,5.51587448515453,30,0,30,30,30,23.2006121829496,30,30,0.3,0,0.108440926595295,0,0,0,0,0,0,0.3,0.3,0.3,0,0,0,0,0,0.118567925605244,0,0,0,0.213894469324166,0.3,0,0,0,0.3,0,-47.1
"29",50,38.5689251134768,42.8568156061927,5.59261787712614,50,50,50,50,0,50,0,50,50,0,31.6181312323526,39.0639632805862,18.7744345844595,0,0,0,16.9041350553459,0,0,4.64981618250344,50,33.7981859565278,50,50,0,30,30,30,0,4.3363835278269,24.609766681994,30,11.6943130917005,30,0,30,30,12.5633518786411,17.6276442375636,30,18.7635576534411,30,30,2.40098772705663,30,0,30,30,30,26.30244900395,30,30,0.3,0,0.0623653110251082,0,0,0,0,0,0,0.3,0.3,0.3,0,0,0,0,0.00236551326620242,0.14371622080354,0,0,0,0.15966230416363,0.3,0,0,0.0250525980504549,0.3,0,-47.2
"30",50,42.1805012096404,32.1982090478284,3.15579795121865,50,50,50,50,0,50,0,50,49.1403794089447,0,35.1095007551164,31.5545429490155,21.4508716387685,0,0,0,3.37817692574803,0,0,0.610466219104936,50,34.51811779584,50,50,0,30,30,30,0,5.55262568969133,24.2308659730219,30,13.0515533249071,30,0,30,30,11.9928071272663,13.4576896007916,30,14.703889345193,30,30,3.19191532741185,30,0,30,30,30,28.3330331624871,30,30,0.3,0,0.0459463892450418,0,0,0,0,0,0,0.3,0.3,0.3,0.00299112156220606,0,0,0,0,0.108592998056459,0,0,0,0.188184624516866,0.3,0,0,0,0.3,0,-46.4
"31",50,46.2495541170814,46.0376399131682,0,50,50,50,50,0,50,0,50,50,0,34.2595055954596,28.5290916281872,17.0667875013545,0,0,0,4.17794983644497,0,0,6.80762152552943,50,30.1543975669329,50,50,0,30,30,30,0,1.16869692462045,26.9016868219245,30,8.2660159972805,30,0,30,30,10.9159868411068,17.5427182497734,30,17.2392792022533,30,30,8.28367530891415,30,0,30,30,30,22.487961012291,30,30,0.3,0,0.0631319425247796,0,0,0,0,0,0,0.3,0.3,0.3,0,0,0,0,0.0128065344952636,0.110714386432224,0,0,0,0.196117942608294,0.3,0,0,0,0.3,0,-44.6
"32",50,18.3893547993226,33.7776972608907,2.60456453128637,50,50,50,50,0,50,0,50,49.6018988301034,0,21.225661997839,29.5636910331479,35.1739299296532,0,0,0,21.7876601590023,0,0,0,50,33.1640063725653,50,50,0,28.0434380601102,30,30,6.38001698590925,5.79479659406842,15.6983457078638,30,22.3876969695283,30,0,30,30,14.9791278797176,9.54972590564153,30,5.22245680254622,23.4109326730155,30,2.05693652347699,30,0,30,30,30,28.6006576166345,30,30,0.3,0,0.0295130198978991,0.00550388438896081,0,0,0,0,0,0.3,0.3,0.3,0,0,0,0,0,0.2013018178278,0,0,0,0.239567112094749,0.3,0,0,0.140990969689536,0.3,0,-52.7
"33",50,42.9766749439633,34.5385558781713,0,50,50,50,50,0,50,0,50,50,0,27.4715687765603,35.6071760107295,25.5952333845522,0,0,0,10.6058734214593,0,0,2.50064786301123,50,29.8590290756301,50,50,0,30,30,30,0,4.46151876673319,23.3228372025876,30,12.6595495861804,30,0,30,30,9.94653889979677,13.9896593563564,30,13.9797271252852,30,30,3.89212125550228,30,0,30,30,30,26.8460646750191,30,30,0.3,0,0.0270185980284875,0,0,0,0,0,0,0.3,0.3,0.3,0,0,0,0,0.00124455345785297,0.11656636692972,0,0,0,0.215727636934338,0.3,0,0,0,0.3,0,-45.2
"34",50,34.8598364420242,40.9878003974082,0,50,50,50,50,0,50,0,50,50,0,22.0719138244608,38.0607125181482,16.706667174712,0,0,0,10.3082145343188,0,0,3.81366747915364,50,33.3778382485689,50,50,0,30,30,30,2.52865091990747,3.34025273770639,21.8038001316476,30,10.640934844949,30,0,30,30,12.8926066186859,11.9282709044832,30,14.7293270402497,30,30,2.37455486126047,30,0,30,30,30,26.7647078325287,30,30,0.3,0,0.0600174973628262,0,0,0,0,0,0,0.3,0.3,0.3,0,0,0,0,0.0028230593735348,0.140889502933021,0,0,0,0.139892396813085,0.3,0,0,0.02381798641603,0.3,0,-49.7
"35",47.7619720018057,40.2698728612595,39.1903203203159,4.4838027366191,50,50,50,50,0,50,0,50,50,0,27.0767439272221,30.65223505996,24.046971874381,0,0,0,11.2197784394954,0,0,5.64447837785948,50,26.6569255514599,50,50,0,29.1651131987462,29.5954543471932,30,2.3902189781278,5.07307060073842,24.7426001030664,30,11.1819317812697,30,0,30,30,12.4904689961338,15.3370768008483,30,16.3919285987445,30,30,5.6048031768325,28.9041446849837,0,29.091119099932,30,30,24.7781776491662,29.4803711164268,30,0.3,0,0.0683406065819792,0.00455467024831497,0,0,0,0,0,0.3,0.3,0.3,0,0,0,0,0.0251351403080777,0.135710806036021,0,0,0,0.184595841599747,0.3,0,0,0.0351387991420989,0.3,0,-42.4
"36",50,45.8919040059931,30.0367091338998,2.47244442807374,50,50,50,50,0,50,0,50,50,0,40.2419906886281,38.5797611217535,16.7898244850448,0,0,0,8.0576707743011,0,0,0.888985261841272,50,36.2753897310414,50,50,0,30,30,30,0,6.622639447497,28.9339399990278,30,11.195478870833,30,0,30,30,17.4408300867615,16.7159106818403,30,19.3152271154603,30,30,5.37908083928781,30,0,30,30,30,23.9454628420585,30,30,0.3,0,0.0302140814528072,0,0,0,0,0,0,0.3,0.3,0.3,0,0,0,0,0.0137625693739874,0.0885062134494738,0,0,0,0.190722367126603,0.3,0,0,0,0.3,0,-43.3
"37",50,47.218078444544,49.9542136604189,7.0440877319807,50,50,50,50,0,50,0,50,50,0,21.19394722901,32.7703223642336,23.5716502180564,0,0,0,12.3783418993972,0,0,2.48081473465915,50,17.3306391864389,50,50,0,30,30,30,0,4.56601751923109,29.4088333592842,30,7.64202393175063,30,0,30,30,13.3923965084265,20.6391677260415,30,19.7810752037723,30,30,0.747018456837353,30,0,30,30,30,23.2573947105971,30,30,0.3,0,0.0873257607949288,0,0,0,0,0,0,0.3,0.3,0.3,0,0,0,0,0.00600857074878905,0.151967364094424,0,0,0,0.169968558421611,0.3,0,0,0.0291506658653882,0.3,0,-50.6
"38",50,50,34.1012071638314,0.0348782047429994,50,50,50,50,0,50,0,50,50,0,34.1521974456598,31.547889285931,16.999337972182,0,0,0,1.97337948262479,0,0,3.48159360177101,50,27.364350417461,50,50,0,30,30,30,0,4.07431474146898,29.6592616412865,30,9.69468073524066,30,0,30,30,12.0413043615135,15.7934737554719,30,20.30584842442,30,30,4.43007010918873,30,0,30,30,30,27.0723323330503,30,30,0.3,0,0.0490995227544055,0,0,0,0,0,0,0.3,0.3,0.3,0,0,0,0,0,0.0890687620809572,0,0,0,0.153471744104941,0.3,0,0,0,0.3,0,-43.4
"39",50,40.647421693313,40.3617833704309,0.46635326571436,50,50,50,50,0,50,0,50,50,0,27.985341850623,28.0977807343808,23.5820863730422,0,0,0,10.0781468996787,0,0,3.69213487659632,50,26.3103250765027,50,50,0,29.9383834656067,30,30,0,3.37912447826345,24.0395390507584,30,11.3628367403606,30,0,30,30,9.52766335647855,16.3687698095237,30,14.7289078931355,30,30,5.75579314591003,30,0,30,30,30,23.8169095800182,30,30,0.3,0,0.0341890878722706,0,0,0,0,0,0,0.3,0.3,0.3,0,0,0,0,0.000468413648473099,0.107223332548554,0,0,0,0.209898442280766,0.3,0,0,0,0.3,0,-45.6
"40",50,36.2323558621316,34.6711850907648,4.92917007229165,50,50,50,50,0,50,0,50,49.5632639724958,0,30.2556017507719,27.9950491029501,24.2834132361884,0,0,0,10.7517974769268,0,0,3.0977205718588,50,28.7276571803628,50,50,0,30,30,30,0,5.3458943340318,23.6714150752273,30,13.3602246193158,30,0,30,30,12.1320596755476,13.4707199479608,30,14.4536966430452,30,30,4.84183517007905,30,0,30,30,30,25.8589546982367,30,30,0.298718244213385,0,0.0593325480382946,0,0,0,0,0,0,0.3,0.3,0.3,0.00109316890129818,0,0,0,0.00580158015511742,0.135436488275393,0,0.000352621079698337,0,0.207113144990637,0.3,0,0,0.026048488211888,0.3,0,-47.7
"41",50,38.1618686440962,42.2519748109725,0.208044088483402,50,50,50,50,0,50,0,50,50,0,29.8845503682836,32.3485807481953,21.060374037047,0,0,0,11.0382698878438,0,0,5.18891396397712,50,28.7400622276539,50,50,0,29.92943088922,30,30,0,3.11764412574199,25.6105856233001,30,11.7204601539618,30,0,30,30,13.204880592492,14.4144513706723,30,15.8249214923505,30,30,5.26708326827796,30,0,30,30,30,25.404356836818,30,30,0.299354174120454,0,0.0416470179586295,0,0,0,0,0,0,0.3,0.3,0.3,0,0,0,0,0.0101272437883832,0.144000087096917,0,0,0,0.200879465909245,0.3,0,0,0.0226369629359712,0.3,0,-48.2
"42",50,35.9409176919798,34.5344976835449,4.36326123915765,50,50,50,50,0,50,0,50,50,0,30.5372604153196,29.1243364941742,24.6593224187555,0,0,0,11.4701620073356,0,0,3.44443181527584,50,30.2266166823467,50,50,0,29.8306052127255,30,30,0,5.54559758474175,22.4228561499449,30,13.8081672964305,30,0,30,30,11.6457219298065,12.7222854322572,30,13.6252853499929,30,30,4.98831809618948,30,0,30,30,30,26.0017325901934,30,30,0.3,0,0.0515503885408515,0,0,0,0,0,0,0.3,0.3,0.3,0.000889677330001699,0,0,0,0.00380956703102306,0.137678905500601,0,0,0,0.206458561213166,0.3,0,0,0.0322306529055069,0.3,0,-47.6
"43",50,35.6124276318344,35.6536521815251,4.73950929479463,50,50,50,50,0,50,0,50,50,0,30.3182930913426,28.9751574356417,27.334119869386,0,0,0,12.2936954720864,0,0,0.525723670346745,50,30.7965731811184,50,50,0,30,30,30,0,4.13511361895762,21.9778168778608,30,14.5802267875255,30,0,30,30,12.7835326859456,11.1721382878637,30,11.6599402867917,30,30,3.68650701792582,30,0,30,30,30,26.5234652169771,29.9949286599837,30,0.3,0,0.0367702980910691,0,0,0,0,0,0,0.3,0.3,0.3,0,0,0,0,0,0.150965093596814,0,0,0,0.220417997822664,0.3,0,0,0.0604386886176617,0.3,0,-45.5
"44",50,32.9720969994086,36.8263548692789,0.872219932578829,50,50,50,50,0,50,0,50,50,0,25.0135030906428,30.8857120878206,26.2813622940851,0,0,0,16.575465039544,0,0,3.41680381128131,50,31.7864520229711,50,50,0,30,30,30,0,3.69196345014118,19.4175022764318,30,15.9572944562532,30,0,30,30,10.7681722139939,11.4683685245853,30,12.0480025001504,30,30,4.42745896987785,30,0,30,30,30,25.9791893576326,30,30,0.299526174309818,0,0.0479116894463948,0,0,0,0,0,0,0.3,0.3,0.3,0,0,0,0,0.00627098702619112,0.159240094315124,0,0,0,0.226636715972881,0.3,0,0,0.0659969504702239,0.3,0,-50.8
"45",50,41.9927871739132,39.0243771142095,9.02474403181864,50,50,50,50,0,50,0,50,50,0,29.1456377357144,34.2339648467589,24.7827841797613,0,0,0,10.4493719839883,0,0,1.36325053466578,50,29.5172956551426,50,50,0,30,30,30,1.43317264138128,7.5932733768076,27.1047604789693,30,13.8229043085703,30,0,30,30,11.6105726451586,15.3879052429952,30,16.0299545269699,29.4329680243297,30,3.85976656057451,30,0,30,30,30,25.2604466029233,30,30,0.3,0,0.0690777755238967,0,0,0,0,0,0,0.3,0.3,0.3,0,0,0,0,0.00383230534151695,0.11323813300045,0,0,0,0.190322974784074,0.2978096302144,0,0,0.0412851907616514,0.3,0,-44.1
"46",50,50,38.7178994709196,0.529072936774944,50,50,50,50,0,50,0,50,50,0,35.9869366306192,33.7840970676168,14.6111984357718,0,0,0,0.517898306266138,0,0,5.78421595538318,50,26.4710260957243,50,50,0,30,30,30,0.971763075242253,7.03245431537655,30,30,1.8868666098652,30,0,30,30,13.1301196134919,21.0729776038862,30,21.4695038436685,30,30,3.1069326276053,30,0,30,30,30,28.6862143822393,30,30,0.3,0,0.0817518786030366,0,0,0,0,0,0,0.3,0.3,0.3,0,0,0,0,0,0.0845063294572211,0,0,0,0.1122629315408,0.3,0,0,0,0.3,0,-45
"47",50,43.7451674185607,36.9019701836817,1.72925748234775,50,50,50,50,0,50,0,50,50,0,32.6349682720479,31.1538010803537,20.3648862520519,0,0,0,4.82154819848832,0,0,4.80949119768432,50,30.1261669634,50,50,0,30,30,30,0,4.20916616264683,27.0706785144462,30,9.48130871248268,30,0,30,30,12.1016514321994,15.2955117298215,30,16.8174827604075,30,30,4.99488661639182,30,0,30,30,30,26.1925878125082,30,30,0.3,0,0.0488176646626481,0,0,0,0,0,0,0.3,0.3,0.3,0,0,0,0,0.00493817891019641,0.115716127680925,0,0,0,0.187749395569686,0.3,0,0,0,0.3,0,-46.8
"48",49.0108899595312,42.7027800941018,36.4023123052969,2.0978134183871,50,50,50,50,0,50,0,50,50,0,31.7567622942629,33.7352631169776,18.9311841468378,0,0,0,10.2160601911634,0,0,1.86797066835564,50,31.1317370915016,50,50,0,30,30,30,0,6.51647298775431,25.6908912357862,30,10.221991108544,30,0,30,30,13.9037892651769,14.8369567269319,30,16.0010667056051,30,30,5.32569979547647,30,0,30,30,30,26.5994263973222,30,30,0.29988876006729,0,0.0321288612371059,0,0,0,0,0,0,0.3,0.3,0.3,0,0,0,0,0,0.0830184655253865,0,0,0,0.172304467525264,0.3,0,0,0.00761740700026447,0.3,0,-48.7
"49",50,47.7807332600351,41.3660809551604,0,50,50,50,50,0,50,0,50,50,0,27.7494438499625,30.1723605829613,20.8711499697589,0,0,0,4.89044414601707,0,0,7.26934928183281,50,23.5427001910834,50,50,0,30,30,30,0.899101626323239,2.56939832027635,28.2406858194715,30,6.96441447084428,30,0,30,30,11.8546869869901,17.4671147859646,30,18.5168169398059,30,30,6.07148530173879,30,0,30,30,30,23.2454438581119,30,30,0.3,0,0.0636667936463291,0,0,0,0,0,0,0.3,0.3,0.3,0,0,0,0,0.0111118384836789,0.133221171567861,0,0,0,0.177401069396223,0.3,0,0,0,0.3,0,-45.3
"50",50,47.1167021846213,32.1378431669545,1.82238118240114,50,50,50,50,0,50,0,50,50,0,35.899832217127,32.2546760832203,17.2322193292515,0,0,0,3.06222073129533,0,0,2.37582671362601,50,28.3300617228468,50,50,0,30,30,30,0,6.07844995475438,28.2787670260939,30,10.9182969094002,30,0,30,30,12.8061833742196,14.7709098013392,30,16.2277011557131,30,30,4.03639412989189,30,0,30,30,30,24.8686618054661,30,30,0.3,0,0.0610304382143593,0,0,0,0,0,0,0.3,0.3,0.3,0,0,0,0,0.000497985205571727,0.0839354496606107,0,0,0,0.165098976508986,0.3,0,0,0,0.3,0,-44.6
"51",43.6092587136022,14.9836160347346,43.7501053912013,10.1801180948035,50,49.9241051451652,50,47.832190031994,0,49.4336227885551,0,50,50,0,16.9103873417749,29.91727788093,33.857613406631,0.710819404255757,0,0,21.2985726919415,0,0,1.06887017895485,50,31.46328762927,50,50,0,30,29.747765425637,30,3.32316373910177,5.37683202485166,14.4312413348251,29.0697849666009,23.2408302739847,30,0,30,28.6327543844355,13.3304111168205,4.62466840545267,30,4.81845522440185,26.6764198725773,27.3060407993328,1.84097386620635,30,0,28.6916048499815,30,30,29.573767787917,28.7064794354212,30,0.3,0,0.0511911955564801,9.9815529521749e-05,0,0,0,0.00371209088651521,0,0.28733177134089,0.3,0.3,0,0.00417536414836792,0,0,0,0.204252768163605,0,0.00116931460539131,0,0.272783963434034,0.3,0,0,0.181291411919897,0.3,0,-51.8
"52",50,38.2035766843314,37.5412064063069,0,50,50,50,50,0,50,0,50,50,0,24.3657273109657,26.3537765178712,23.8669437700801,0,0,0,6.18724393043074,0,0,2.82378192104671,50,26.5937307285554,50,50,0,30,30,30,0,1.71974874880516,24.8451697188133,30,12.19219361355,30,0,30,30,12.2528274346949,14.1967450133043,30,14.7906843438681,30,30,3.89551789669442,30,0,30,30,30,25.9424194949977,30,30,0.3,0,0.0402646850837718,0,0,0,0,0,0,0.3,0.3,0.3,0,0,0,0,0.00578980968015865,0.147500600811823,0,0,0,0.184761174959801,0.3,0,0,0,0.3,0,-47.3
"53",44.4854853886434,30.7657302461949,36.5269124567782,0,50,50,50,50,0,50,0,50,50,0,21.4400247074811,29.7248479189523,25.5266388016969,0,0,0,17.2718208172223,0,0,1.5224747438012,50,31.9033020169069,50,50,0,30,30,30,1.0363090321544,1.50603691214268,18.6009387401598,26.9702884804735,18.4706008637602,30,0,30,30,12.6742035537412,9.17548935515367,30,9.04573778683365,27.7440117823536,30,4.32117500307298,30,0,29.1395624200666,30,30,28.4997198034062,30,30,0.3,0,0.0203418793693411,0,0,0,0,0.000924029859857969,0,0.3,0.3,0.3,0,0,0,0,0.00668577507645899,0.186621329981508,0,0,0,0.244679657996122,0.3,0,0,0.123784360025406,0.3,0,-50.5
"54",50,36.7177253668541,40.2872021251189,1.10482681786466,50,50,50,50,0,50,0,50,50,0,29.6020474837175,29.4940435258089,19.6663335440503,0,0,0,14.7696550782727,0,0,3.83554482732205,50,25.8168357575017,50,50,0,30,30,30,0,3.23869654573176,26.1711270919171,30,12.7910876550867,30,0,30,30,12.1312607465038,12.6965636284892,30,13.170222429884,30,30,7.0604738373578,30,0,30,30,30,23.7191367170011,30,30,0.3,0,0.043289674224369,0,0,0,0,0,0,0.3,0.3,0.3,0,0,0,0,0.00596733220871657,0.145256619942098,0,0,0,0.209982171384178,0.3,0,0,0,0.3,0,-47.8
"55",50,33.2386279800454,44.3974599509209,3.21019389906813,50,50,50,50,0,50,0,50,50,0,20.8344004844233,31.9972378541786,25.4396575471499,0,0,0,16.6203903435598,0,0,5.41031020005743,50,28.5004171811326,50,50,0,30,30,30,8.36735970457884,2.41291369829756,19.9707539383602,26.1253050071195,12.4800950161941,30,0,30,30,10.9786001762758,15.3575867661283,29.9422608778886,12.7810009968929,28.8299991917038,23.9549974128449,6.67574056966712,26.6150671709458,0,23.1723982926754,30,30,25.3185749185271,22.6224597996715,30,0.3,0,0.0692221938197566,0.000961920510525112,0.00935704826507311,0,0,0.045754053104175,0,0.3,0.3,0.3,0,0.00108266177638543,0,0,0.00393000878915934,0.16867700847772,0,0.0335463902194157,0,0.219394810763869,0.271334302077428,0,0,0.0663662241586952,0.3,0,-49
"56",48.6497803251163,34.2306731588338,35.8442354277099,5.41425120837342,50,50,50,49.7546954484609,0,50,0,50,49.956475964055,0,27.9824088374499,29.0688091028825,26.4009159604898,0.0655141425836971,0,0,13.909187907325,0,0.115896397746426,3.74647942520155,50,29.458643868539,50,50,0,29.4772066511081,30,30,1.17181100823421,5.45233880007303,21.6087829694583,30,15.1220061789051,30,0,30,30,12.1001069709074,12.4192798839171,30,12.8834044384401,28.9372620687212,30,4.57303401205992,29.6487754905896,0.0164909329621474,29.3010094684947,30,30,26.3515070758539,29.1650907595674,30,0.299068625063246,0,0.0546028002951975,0.000350483115939843,0.00119190600991943,0,0,0.00827538844341412,0,0.3,0.299896781445199,0.3,8.02160803696825e-06,0,0,0,0.0112283668647396,0.152957991024069,0,0,0,0.206499522032535,0.29987127500282,0,0,0.0591945663955053,0.3,0,-43.3
"57",49.939834720763,38.5840748258892,36.2595197414733,4.71824844680257,50,50,50,50,0,50,0,50,50,0,28.8533604631983,31.3154338964905,24.651227751886,0,0,0,10.742385167586,0,0,4.4896642386193,50,30.4347188543676,50,50,0,30,30,30,0,5.86085510614905,23.2107770238562,30,13.5121381354657,30,0,30,30,12.7665905486316,13.6452342589772,30,15.0511737933432,30,30,3.60331279954878,30,0,30,30,30,26.2766070503575,30,30,0.3,0,0.0596337650049687,0,0,0,0,0,0,0.3,0.3,0.3,0,0,0,0,0.00305644261239692,0.139752253953657,0,0,0,0.184221220977781,0.3,0,0,0.0452632919487955,0.3,0,-44.1
"58",50,47.4717411447794,32.3874083374428,2.96647562245254,50,50,50,50,0,50,0,50,50,0,38.9999518075205,34.9784448456229,17.5902843620568,0,0,0,0,0,0,5.70521856648364,50,32.2220775865071,50,50,0,30,30,30,0,4.66212249078834,27.790970071456,30,10.652951571656,30,0,30,30,13.8720883354512,17.3862608177643,30,19.6669005599464,30,30,4.20947894973292,30,0,30,30,30,27.9736302272483,30,30,0.3,0,0.0707390489385541,0,0,0,0,0,0,0.3,0.3,0.3,0,0,0,0,0,0.0891991713143833,0,0,0,0.151149422668632,0.3,0,0,0,0.3,0,-39.8
"59",46.8759642108022,28.3356601741435,36.9909489651432,7.85459315169318,50,50,50,50,0,50,0,50,50,0,25.749376749282,29.7926849433441,31.0078713012707,0,0,0,16.7458747925626,0,0,1.66037373245864,50,30.2573798901636,50,50,0,30,30,30,0,6.65670505746269,19.4105411336873,30,18.0612639186988,30,0,30,30,11.0216840291382,9.69605609200226,30,12.0924968652793,26.8808166874788,30,3.14829884864332,30,0,30,30,30,27.2239307987785,30,30,0.3,0,0.0415961414686054,0,0,0,0,0,0,0.3,0.3,0.3,0,0,0,0,0,0.175127590669227,0,0,0,0.225254992286945,0.3,0,0,0.0853499520367328,0.3,0,-48.4
"60",48.4137633717245,37.5296700342122,33.1101560689724,2.4982700021414,50,50,50,50,0,50,0,50,50,0,35.1232609103228,26.804157714853,22.1092350362158,0,0,0,7.05406724070282,0,0,3.51021944462399,50,27.4033890606851,50,50,0,30,30,30,0,8.11756066605942,21.8708190612211,30,15.5726022368209,30,0,30,30,13.8996189357102,13.9973172115107,30,15.6380424998014,28.9532933241904,30,5.2939434797942,29.5527424406879,0,30,30,30,25.317030567582,30,30,0.296187640210166,0,0.0453651279912157,0,0,0,0,0,0,0.3,0.3,0.3,0.00195325301009691,0,0,0,0,0.135581346865317,0,0,0,0.175878885020834,0.3,0,0,0.0216048387321081,0.3,0,-48
