"","accuracy","NA","NA","NA","NA","NA","NA","NA","NA","NA","NA","NA","NA","NA","NA","NA","NA","NA","NA","NA","NA","NA","NA","NA","NA","NA","NA","NA","NA","NA","NA","NA","NA","NA","NA","NA","NA","NA","NA","NA","NA","NA","NA","NA","NA","NA","NA","NA","NA","NA","NA","NA","NA","NA","NA","NA","NA","NA","NA","NA","NA","NA","NA","NA","NA","NA","NA","NA","NA","NA","NA","NA","NA","NA","NA","NA","NA","NA","NA","NA","NA","NA","NA","NA","NA"
"1",50,41.2925768417054,8.99743294719158,3.76869824333973,50,50,50,50,0,50,0,50,50,0,50,23.5357050751973,12.2753894837149,0,0,0,0,0,0,3.15922314602383,50,41.8463314222457,50,50,0,29.7027525333408,30,30,0,7.78586134345108,21.4741461193522,30,11.4110454684718,30,0,30,30,6.75605765810423,10.609773452895,30,14.6063822144401,27.8439085959605,30,9.14533288223102,30,0,30,30,30,29.5992807132553,30,30,0.3,0,0.0515936020664928,0,0,0,0,0,0,0.3,0.3,0.3,0.0110366456928943,0,0,0,0,0.00694908636327257,0,0,0,0.221671045544855,0.3,0,0,0,0.3,0,-40
"2",50,42.0830407681125,18.5676806759015,2.82033151358497,50,50,50,50,0,50,0,50,50,0,44.0190607314413,24.600455219529,14.0943681938935,0,0,0,0,0,0,3.347442690908,50,37.8633557602536,50,50,0,29.6436454676235,30,30,0,7.11826398718968,23.4692956882075,30,7.94908176593271,30,0,30,30,7.95255854577321,12.2526807275612,30,16.7839307851494,29.194284100554,30,9.45661961731818,30,0,30,30,30,28.5539651698827,30,30,0.3,0,0.0636612825783823,0,0,0,0,0,0,0.3,0.3,0.3,0.0077289915357401,0,0,0,0,0.0417090722738095,0,0,0,0.206608419277487,0.3,0,0,0,0.3,0,-38.8
"3",50,41.4754182143532,4.45974372955965,4.64690698409499,50,50,50,50,0,50,0,50,50,0,50,22.7714175714435,10.1153720028534,0,0,0,0,0,0,3.25113949538908,50,43.8394376212857,50,50,0,29.6795939375043,30,30,0,8.27834241556364,20.8851957398963,30,10.9962025291909,30,0,30,30,6.06465341752697,10.2370236675115,30,14.8298767110828,27.4862996695709,30,9.85923682419364,30,0,30,30,30,29.4263897495823,30,30,0.3,0,0.0563360116834267,0,0,0,0,0,0,0.3,0.3,0.3,0.0127737531126267,0,0,0,0,0,0,0,0,0.2193433879331,0.3,0,0,0,0.3,0,-37.6
"4",50,38.3423840840304,8.04766939857916,4.03261343818211,50,50,50,50,0,50,0,50,50,0,50,21.6183498702921,12.0710850796204,0,0,0,0,0,0,2.54108544442069,50,41.9966388169107,50,50,0,29.6338836308816,30,30,0,8.48604615836553,19.1577386068864,30,10.6416474313915,30,0,30,30,5.21684905494681,9.54328736065277,30,13.6949346184776,27.5311040771531,30,9.80002221109956,30,0,30,30,30,28.7973197950273,30,30,0.3,0,0.0465990982428129,0,0,0,0,0,0,0.3,0.3,0.3,0.0131737474707714,0,0,0,0,0.00257784314363935,0,0,0,0.237774038246771,0.3,0,0,0,0.3,0,-39.7
"5",50,36.14075703423,1.36731175528715,3.75213193644593,50,50,50,50,0,50,0,50,50,0,50,19.393230798008,10.8632392278147,0,0,0,0,0,0,1.18897201913912,50,46.1833982134714,50,50,0,29.4041810243444,30,30,0,8.78737872624973,17.3108782961319,30,12.5410549098328,30,0,30,30,3.97768681045766,7.16038533920175,30,11.5013971731841,27.4880409426809,30,9.89417343098775,30,0,30,30,30,30,30,30,0.3,0,0.0351497646819251,0,0,0,0,0,0,0.3,0.3,0.3,0.0133756436588093,0,0,0,0,0,0,0,0,0.251451194362929,0.3,0,0,0,0.3,0,-42.1
"6",50,35.1037566136767,0,2.64761563732459,50,50,50,50,0,50,0,50,50,0,50,19.0569884346674,9.7245997349562,0,0,0,0,0,0,2.92885377312363,50,44.3746824507938,50,50,0,29.3641445835431,30,30,0,8.29120616751034,17.4698013922434,30,12.7182883082157,30,0,30,30,2.93898442266411,7.95687063514369,30,12.3352943664844,27.169448545955,30,11.1909729747605,30,0,30,30,30,29.8679206708804,30,30,0.3,0,0.0436754020571823,0,0,0,0,0,0,0.3,0.3,0.3,0.0148983756384986,0,0,0,0,0,0,0,0,0.251289163029041,0.3,0,0,0,0.3,0,-41.9
"7",50,39.5493317947111,10.3071585554644,3.75336233558933,50,50,50,50,0,50,0,50,50,0,49.1134266730056,23.424419950851,12.8584387791652,0,0,0,2.02879169723574,0,0,3.05693986866394,50,40.8895276222606,50,50,0,29.7797776191071,30,30,0,7.56027018459549,20.8343601776271,30,11.4719744443555,30,0,30,30,6.71171284356385,10.3753073196116,30,14.2693030762745,27.8548733614516,30,9.196403168846,30,0,30,30,30,29.0017352722444,30,30,0.3,0,0.0520530423706126,0,0,0,0,0,0,0.3,0.3,0.3,0.010565211665966,0,0,0,0.00149355914256501,0.0150355061397849,0,0,0,0.225728898603901,0.3,0,0,0.00696675312329435,0.3,0,-39.9
"8",50,39.2597358933989,10.7757315961319,3.23920323663535,50,50,50,50,0,50,0,50,50,0,50,23.4054283662727,12.2739840407908,0,0,0,0,0,0,3.12595482068023,50,41.1328791090317,50,50,0,29.4744564096825,30,30,0,7.57010003220976,21.083208986131,30,11.4937212128048,30,0,30,30,5.86400129084287,10.1779284665934,30,13.6317412909365,28.2340518508922,30,9.23341265770411,30,0,30,30,30,29.5952035517417,30,30,0.3,0,0.0479643807875109,0,0,0,0,0,0,0.3,0.3,0.3,0.00979278086979137,0,0,0,0,0.0167525086250006,0,0,0,0.229139854205467,0.3,0,0,0,0.3,0,-38
"9",50,40.1007690299831,8.41518862583099,2.57299067262468,50,50,50,50,0,50,0,50,50,0,50,23.6663441353386,10.3079302161969,0,0,0,0,0,0,2.26060602835387,50,42.9037024560478,50,50,0,29.7327587040181,30,30,0,7.93533433223455,20.1719384276065,30,11.0192617993029,30,0,30,30,5.60023938662179,10.0126290412472,30,13.8140241132317,28.3195416924379,30,9.30582925714889,30,0,30,30,30,29.5776963418692,30,30,0.3,0,0.0396998957597791,0,0,0,0,0,0,0.3,0.3,0.3,0.0112967025877593,0,0,0,0,0,0,0,0,0.229395828478827,0.3,0,0,0,0.3,0,-40.6
"10",50,42.6401345188432,19.941814430658,3.0898100057304,50,50,50,50,0,50,0,50,50,0,43.1302927684564,27.2730199261956,16.2718666298408,0,0,0,0,0,0,3.4426870585707,50,37.2417688253531,50,50,0,30,30,30,0,6.81551154469375,23.1913503124005,30,11.9092064981617,30,0,30,30,9.39248182144628,12.3622293579117,30,15.4650988186395,28.7255433221471,30,7.16898751262927,30,0,30,30,30,28.1995751648805,30,30,0.3,0,0.0554538246927492,0,0,0,0,0,0,0.3,0.3,0.3,0.00649014962701229,0,0,0,0.000468607494393925,0.0566271779885958,0,0,0,0.203469826192699,0.3,0,0,0,0.3,0,-39.7
"11",50,50,27.2017884294199,5.22286285223794,50,50,50,50,0,50,0,50,50,0,50,36.8148986126662,17.6782776529254,0,0,0,0,0,0,6.36400570608578,50,38.113212644989,50,50,0,30,30,30,0,3.05939619332025,30,30,11.0695597166691,30,0,30,30,18.443796558378,18.9897566974018,30,24.1407563164987,29.0178383988834,30,1.35549149490696,30,0,30,30,30,28.1977053214868,30,30,0.3,0,0.0933636335609155,0,0,0,0,0,0,0.3,0.3,0.3,0.00176250590510763,0,0,0,0,0.022062556787019,0,0,0,0.0891434075425215,0.3,0,0,0,0.3,0,-42.9
"12",50,40.6184528137387,12.4311751196224,3.2166269173307,50,50,50,50,0,50,0,50,50,0,50,25.5652969469627,12.6050552842158,0,0,0,0,0,0,3.09893124551787,50,39.7573563657243,50,50,0,29.783988645736,30,30,0,7.50640800378993,21.8426221037162,30,11.0775169067615,30,0,30,30,6.58110909416389,11.4016454495129,30,14.8586619882283,27.6542271593152,30,8.68052302717545,30,0,30,30,30,28.7752067975416,30,30,0.3,0,0.048766645259108,0,0,0,0,0,0,0.3,0.3,0.3,0.00976844946424939,0,0,0,0,0.0161386288503601,0,0,0,0.216029700625176,0.3,0,0,0,0.3,0,-38
"13",50,39.9955255168562,25.3215222014533,3.71431925845596,50,50,50,50,0,50,0,50,50,0,34.8438744696446,29.3430619516973,19.4904172886327,0,0,0,0,0,0,4.63301271359707,50,34.1357063840018,50,50,0,29.684315576014,30,30,0,7.10135696377181,25.082544117785,30,11.1998803215333,30,0,30,30,6.27459347844364,14.9059247212276,30,14.2637976470033,29.0104142844479,30,7.97642921863323,30,0,30,30,30,28.0953975366025,30,30,0.29990214879934,0,0.0513965092473405,0,0,0,0,0,0,0.3,0.3,0.3,0.00433332354696367,0,0,0,0,0.0738331362554828,0,0,0,0.196596492186755,0.3,0,0,0.00666741248873126,0.3,0,-43.2
"14",50,42.0030489703021,23.9896166013132,2.12416713638916,50,50,50,50,0,50,0,50,50,0,40.2389501626098,27.4255666238284,13.2862944635726,0,0,0,1.22398028654543,0,0,3.52525621671824,50,33.4371624058982,50,50,0,29.3198112735016,30,30,0,5.87247675353285,24.1459430260486,30,9.20648413755592,30,0,30,30,7.54093106978315,13.1682828029763,30,15.9014785726002,28.7848550270184,30,8.87742035484558,30,0,30,30,30,27.823722664309,30,30,0.3,0,0.0580818115318415,0,0,0,0,0,0,0.3,0.3,0.3,0.00448919720520594,0,0,0,0,0.0583400283498303,0,0,0,0.211890862756544,0.3,0,0,0,0.3,0,-41.2
"15",50,42.5081717285176,24.1085994471933,5.60459223238227,50,50,50,50,0,50,0,50,50,0,40.2343561580362,30.0490527664081,18.1078166908795,0,0,0,1.51798762551242,0,0,3.23071459231717,50,36.5164111128386,50,50,0,29.9457836620681,30,30,0,7.73266175302505,22.1074407247338,30,11.0304045397536,30,0,30,30,10.4037381628279,12.9233546148243,30,17.1631710741571,28.873533472016,30,5.97206668699034,30,0,30,30,30,27.3261796925049,30,30,0.3,0,0.0638613353849837,0,0,0,0,0,0,0.3,0.295172423725781,0.3,0.00575427901241452,0,0,0,0,0.0578278347569037,0,0.00299222527967844,0,0.173458373018469,0.3,0,0,0,0.29945557057681,0,-44.4
"16",50,38.77026081131,8.6523040933386,2.71603129267461,50,50,50,50,0,50,0,50,50,0,50,24.2756674776925,11.2737186338227,0,0,0,0,0,0,3.07886994295306,50,41.9315273072931,50,50,0,29.5334860235119,30,30,0,7.51123236589371,20.7030540232324,30,11.3433242810388,30,0,30,30,5.59438109307632,10.5730061533572,30,13.8403209232907,28.1209269299058,30,9.36083808604971,30,0,30,30,30,29.4843755477188,30,30,0.3,0,0.0475618697379499,0,0,0,0,0,0,0.3,0.3,0.3,0.0105396560965082,0,0,0,0,0.0005787826705538,0,0,0,0.226921829936466,0.3,0,0,0,0.3,0,-39.6
"17",50,31.3535732770611,4.33684037981942,0.870800328601379,50,50,50,50,0,50,0,50,50,0,50,20.0788606779885,11.9118019030678,0,0,0,0,0,0,0.538952720292514,50,41.9303424681964,50,50,0,29.0614182465347,30,30,0,9.89718802191826,16.871854583417,30,12.0173687362546,30,0,30,30,1.50825138205241,5.52195170626694,30,8.85824684422602,27.9870575496328,30,10.7930098984364,30,0,30,30,30,30,30,30,0.3,0,0.0177634351312076,0,0,0,0,0,0,0.3,0.3,0.3,0.0117143948092733,0,0,0,0,0,0,0,0,0.280502102251075,0.3,0,0,0,0.3,0,-41.2
"18",50,32.4063803447385,18.7950866036111,7.79859287322384,49.9100148616354,50,50,50,0,50,0,50,50,0,43.5109037446881,22.4472909909206,21.2914322269563,0,0,0,8.58177230103982,0,0.158297831189552,0.800378257325406,50,34.2091381624903,50,50,0,27.9567308764383,30,30,0,7.54078766875805,19.4184218279125,30,14.2692500798739,30,0,30,30,7.53298872430298,10.0841266789634,30,11.9679927186647,29.3329559291906,30,8.08030225753666,30,0,30,30,30,28.0281809340744,30,30,0.3,0,0.0568362530405122,0,0,0,0,0,0,0.298105371076799,0.3,0.3,0.00435710537988914,0,0,0.00243360131836223,0,0.0797321597948995,0,0.0166544329457288,0,0.221102364672884,0.3,0,0,0.0300644648810519,0.3,0,-47.1
"19",50,42.2654959367723,22.1752215827385,1.17622292943115,50,50,50,50,0,50,0,50,50,0,46.48895807018,28.4057796901506,14.1144577581465,0,0,0,0,0,0,3.07587894906549,50,35.7111655253176,50,50,0,29.9564982499645,30,30,0,5.61999549497232,23.9805153881096,30,10.2999355916398,30,0,30,30,7.49482704056825,13.3343223991703,30,15.4633356119794,29.795930285508,30,8.12358457786663,30,0,30,30,30,29.0716262516078,30,30,0.3,0,0.043468877486632,0,0,0,0,0,0,0.3,0.3,0.3,0.00422396357154559,0,0,0,0,0.0350913679348658,0,0,0,0.209758051574032,0.3,0,0,0,0.3,0,-41.7
"20",50,46.4480375396727,31.4074543573487,1.92681901369103,50,50,50,50,0,50,0,50,50,0,46.4144652421124,31.4116889159596,9.6061832800611,0,0,0,0,0,0,4.33171184312044,50,38.9578595274451,50,50,0,30,30,30,0,0.836664872035524,26.2105126263533,30,7.98393310049372,30,0,30,30,13.417839834758,12.6115502363986,30,20.202804818655,28.6532394414166,30,9.73723900569225,30,0,30,30,30,28.0660478696287,30,30,0.3,0,0.0321133438485525,0,0,0,0,0,0,0.3,0.3,0.3,0.00280096768894264,0,0,0,0,0.0671496630994736,0,0,0,0.219465874124119,0.3,0,0,0,0.3,0,-43.1
"21",50,36.7284263059877,7.12429944630153,1.46490114894213,50,50,50,50,0,50,0,50,50,0,50,21.3159786894047,9.53103162289487,0,0,0,0,0,0,2.44632861703922,50,41.3715488444147,50,50,0,28.9771107311814,30,30,0,8.75466957298372,19.4322544152939,30,9.91146567063476,30,0,30,30,2.63293353687005,8.9625393183484,30,12.2408047381505,27.4195542852173,30,11.8875394568391,30,0,30,30,30,29.1070874815252,30,30,0.3,0,0.0316912676804457,0,0,0,0,0,0,0.3,0.3,0.3,0.0131460373505782,0,0,0,0,0,0,0,0,0.262221762273593,0.3,0,0,0,0.3,0,-40.5
"22",50,35.7321433038647,0,3.89930988318497,50,50,50,50,0,50,0,50,50,0,50,0,30.3285955372851,0,0,0,0,0,0,5.41958484561182,50,49.5941295554475,50,50,0,30,30,30,0,13.4759233943263,12.6468888800721,30,21.7676923394014,30,0,30,30,0,0,30,0,30,30,18.6120679433966,30,0,30,30,30,30,30,30,0.3,0,0,0,0,0,0,0,0,0.3,0.3,0.3,0.0154097854536877,0,0,0,0,0.0296148722717073,0,0,0,0.3,0.3,0,0,0,0.3,0,-45.7
"23",50,30.45071249888,0,3.97189452229601,50,50,50,50,0,50,0,50,50,0,50,17.8385690031624,9.45579742014605,0,0,0,0,0,0,0,50,41.4053236712626,50,50,0,28.8740312245778,30,30,0,12.4592161632669,15.5873913181185,30,13.1748324678342,30,0,30,30,5.35432354847478,7.70579392808832,30,10.103003037829,27.4416725708914,30,9.295917834972,30,0,30,30,30,30,30,30,0.3,0,0.0312082063803936,0,0,0,0,0,0,0.3,0.3,0.3,0.0128748574650351,0,0,0,0,0,0,0,0,0.255065116863332,0.3,0,0,0,0.3,0,-41.6
"24",50,44.6662277713331,16.4099775029663,2.01798728054351,50,50,50,50,0,50,0,50,50,0,50,27.3717196261903,11.4585974689773,0,0,0,0,0,0,4.53475528747664,50,38.132504816453,50,50,0,29.6148617224517,30,30,0,6.47881615904259,24.5111759207332,30,9.38123012841525,30,0,30,30,8.15583234281917,13.6394378891776,30,16.9705374297547,28.9133058589453,30,8.52122551030274,30,0,30,30,30,28.7679082315862,30,30,0.3,0,0.0565550410255284,0,0,0,0,0,0,0.3,0.3,0.3,0.00686624358815715,0,0,0,0,0.0144459700399328,0,0,0,0.198708172743588,0.3,0,0,0,0.3,0,-42
"25",50,30.9212637114402,1.10852703857893,0.625986450191627,50,50,50,50,0,50,0,50,50,0,50,11.9696462037195,14.1040145510051,0,0,0,0,0,0,0,50,48.0591443983865,50,50,0,28.479122740284,30,30,0,11.3607263314572,14.0533469979991,30,14.4163729661653,30,0,30,30,0,0,30,0.513069524961359,26.0353776533167,30,14.8490403417222,30,0,30,30,30,27.9391994762713,30,30,0.3,0,0,0,0,0,0,0,0,0.3,0.3,0.3,0.0195491860949795,0,0,0,0,0.0218613416319794,0,0,0,0.3,0.3,0,0,0,0.3,0,-46
"26",50,43.4595407576595,12.8356304251949,5.36628530218205,50,50,50,50,0,50,0,50,50,0,46.0826711175226,26.7716383810382,14.0938869520902,0,0,0,0.464178632492152,0,0,3.69509822251458,50,41.1334724052075,50,50,0,30,30,30,0.0271138463679567,6.84055656062766,22.8724405200318,30,12.1004724216925,30,0,30,30,10.0605794883003,12.7095505941032,30,17.08100082791,28.3569040175359,30,6.69884099857197,30,0,30,30,30,29.7519427345602,30,30,0.299092509847574,0,0.0688783888143036,0,0,0,0,0,0,0.3,0.3,0.3,0.0082584562684214,0,0,0,0,0.032508732261594,0,0,0,0.183929841548214,0.299340101245188,0,0,0.00910858503561734,0.3,0,-38.1
"27",50,27.8678601372333,3.37517082413716,2.51440687754228,50,50,50,50,0,50,0,50,50,0,50,16.9769068157978,11.8077856013267,0,0,0,0,0,0,0.542555700559668,50,42.5643633777976,50,50,0,28.7298761246721,30,30,0,8.99618328867143,14.6839328376622,30,14.0904655253434,30,0,30,30,1.1164843086956,4.18179534326199,30,6.99209927643121,28.3632713182239,30,11.9495939642003,30,0,30,30,30,30,30,30,0.3,0,0.010503197830789,0,0,0,0,0,0,0.3,0.3,0.3,0.0121796593101812,0,0,0,0,0,0,0,0,0.288193120856523,0.3,0,0,0,0.3,0,-42
"28",50,44.2312924019444,12.3834501964142,3.79067004567739,50,50,50,50,0,50,0,50,50,0,50,28.0551120107341,12.7718827753232,0,0,0,0,0,0,4.0796513403684,50,40.9698000531979,50,50,0,29.961961645696,30,30,0,7.1371827016571,23.7053654007266,30,11.4369099943888,30,0,30,30,9.78283949791241,12.6379452731722,30,17.2293214492137,28.1263464176383,30,7.67563969276162,30,0,30,30,30,29.0339001797715,30,30,0.3,0,0.0601479136608834,0,0,0,0,0,0,0.3,0.3,0.3,0.00883329812459934,0,0,0,0,0.016672452189824,0,0,0,0.186847482767439,0.3,0,0,0,0.3,0,-36.5
"29",50,40.9479910304507,9.31773897619166,5.21919432462908,50,50,50,50,0,50,0,50,50,0,50,24.8848521704717,11.5434867613467,0,0,0,0,0,0,3.56906637975186,50,43.9958673023594,50,50,0,29.8428340385069,30,30,0,7.63735298664162,20.9465453251348,30,11.5450935924292,30,0,30,30,7.38360867533174,11.595890986729,30,16.0335962998886,27.4075622154805,30,8.60200735994647,30,0,30,30,30,28.9404339965754,30,30,0.3,0,0.0587900320672709,0,0,0,0,0,0,0.3,0.3,0.3,0.0121893853653353,0,0,0,0,0,0,0,0,0.206340588619469,0.3,0,0,0,0.3,0,-38.1
"30",50,40.634309165573,8.63513678650305,3.33800650475895,50,50,50,50,0,50,0,50,50,0,50,23.9088512611078,11.1294618257781,0,0,0,0,0,0,3.69122852459636,50,41.5093555655932,50,50,0,29.7482480736405,30,30,0,7.80484820989524,21.4510571698727,30,10.8804882674336,30,0,30,30,6.45019975727838,10.9617457437306,30,15.0056703220218,28.0798769507819,30,9.56579111821029,30,0,30,30,30,29.1892414109807,30,30,0.3,0,0.0518712457932014,0,0,0,0,0,0,0.3,0.3,0.3,0.010709930373947,0,0,0,0,0.00124950978533133,0,0,0,0.22101230670068,0.3,0,0,0,0.3,0,-40.2
"31",50,32.8299416714743,9.00817843985844,1.46818813590345,50,50,50,50,0,50,0,50,50,0,50,15.3728855552267,9.49835418495069,0,0,0,0,0,0,1.79383628311541,50,42.1643892109153,50,50,0,28.9277015577253,30,30,0,7.64054241771553,17.1144064384174,30,10.1969975698494,30,0,30,30,0.271928352552749,6.99592205715939,30,9.03626997112826,27.6613925672299,30,14.1737602083487,30,0,30,30,30,28.9344217105139,30,30,0.3,0,0.0221387806021572,0,0,0,0,0,0,0.3,0.3,0.3,0.0137047735380747,0,0,0,0,0,0,0,0,0.297641258875078,0.3,0,0,0,0.3,0,-44.5
"32",50,43.6032000817546,20.835076158202,3.38353707200948,50,50,50,50,0,50,0,50,50,0,46.1640982064452,29.509878200335,15.4084394700965,0,0,0,0,0,0,4.34926189545742,50,37.0798323172362,50,50,0,29.8106257112317,30,30,0,6.20304698060697,24.3536696599837,30,11.329391261295,30,0,30,30,10.6724780374329,14.0486989479793,30,17.0820485014323,28.7453931971969,30,6.41190571691056,30,0,30,30,30,28.4853378468003,30,30,0.3,0,0.0617499044221569,0,0,0,0,0,0,0.3,0.3,0.3,0.00503358596175277,0,0,0,0,0.0528639971531031,0,0,0,0.184688639782695,0.3,0,0,0,0.3,0,-40.2
"33",50,36.4978621317124,7.16464031553828,2.50067781854963,50,50,50,50,0,50,0,50,50,0,50,24.5609378418664,12.9960657421632,0,0,0,0,0,0,1.49709039482237,50,40.2429820876817,50,50,0,29.1045928608803,30,30,0,8.88394434370024,20.2719388960131,30,11.7794009104826,30,0,30,30,2.44884495539261,8.19144886364581,30,11.0800201544551,28.6432865067835,30,9.9962033856605,30,0,30,30,30,29.0364034292677,30,30,0.3,0,0.0235375096701535,0,0,0,0,0,0,0.3,0.3,0.3,0.00825676500449105,0,0,0,0,0.000733958833621987,0,0,0,0.258918266422104,0.3,0,0,0,0.3,0,-40.2
"34",50,40.5094123107764,8.94366114736938,3.60840307788054,50,50,50,50,0,50,0,50,50,0,50,24.1229968078643,11.3949667848502,0,0,0,0,0,0,2.92399013977007,50,42.4080311452373,50,50,0,29.6905269167234,30,30,0,7.60649019545886,20.9852150251441,30,11.28977691684,30,0,30,30,6.45055801044772,10.1667369396415,30,14.3783874951704,27.8024313859414,30,9.02882966985961,30,0,30,30,30,29.2277325219086,30,30,0.3,0,0.051903897514364,0,0,0,0,0,0,0.3,0.3,0.3,0.0110186256858894,0,0,0,0,0.000119274032098767,0,0,0,0.217488361366744,0.3,0,0,0,0.3,0,-39.7
"35",49.9220848218239,44.2423004408045,25.132871113478,3.30732490726631,50,50,50,50,0,50,0,50,50,0,41.5451570557314,30.072251064608,16.442210005524,0,0,0,1.28636277144014,0,0,4.78334438929649,50,34.4941118397558,50,50,0,29.6946037693973,29.924142846464,30,0.299282803389755,5.82773090179272,24.9455343001338,30,10.6538595248952,30,0,30,30,10.8709742780314,14.6901424815885,30,17.3537674908689,29.7381348279488,30,6.42751250157722,29.7945140077326,0,29.8295739491846,30,30,27.7818104069001,29.902563362801,30,0.3,0,0.062329237119756,0.00085405520473448,0,0,0,0,0,0.3,0.3,0.3,0.0037703210167642,0,0,0,0.00464792826291422,0.0659430979259568,0,0,0,0.183819839246168,0.3,0,0,0,0.3,0,-42.6
"36",50,34.1572075959201,0,6.18121639261018,50,50,50,50,0,50,0,50,50,0,50,19.5826952895137,15.5732188722775,0,0,0,1.28910776142366,0,0,0,50,47.8801742928542,50,50,0,29.2852176462998,30,30,0,11.2962310506231,17.4154852858039,30,17.900908428362,30,0,30,30,5.33213987523833,3.45618739900563,30,6.60246008896833,28.0005515625612,30,10.2300417997474,30,0,30,30,30,28.3417456771035,30,30,0.3,0,0.0109021695634338,0,0,0,0,0,0,0.3,0.3,0.3,0.0142078011473672,0,0,0,0.00172664299657328,0.0217495618528432,0,0,0,0.288880790792652,0.3,0,0,0,0.3,0,-39.9
"37",50,30.20527028477,1.86640672552243,3.1654915028575,50,50,50,50,0,50,0,50,50,0,50,15.8084662127626,11.2926642440696,0,0,0,0,0,0,0,50,42.5272130280652,50,50,0,29.0906231794531,30,30,0,9.89608845606332,15.5438474447914,30,11.9651740098625,30,0,30,30,0.134468846583969,5.3159382221958,30,8.1970534439995,26.8934353099845,30,12.5996109721852,30,0,30,30,30,29.0722706802613,30,30,0.3,0,0.0205393625203325,0,0,0,0,0,0,0.3,0.3,0.3,0.0163060195344869,0,0,0,0,0,0,0,0,0.3,0.3,0,0,0,0.3,0,-45.3
"38",50,41.8019328031088,13.1371154523259,3.07523326228986,50,50,50,50,0,50,0,50,50,0,48.0843329154668,23.9724782803698,13.77481007153,0,0,0,0.702855849041183,0,0,3.22567611532713,50,39.2989379924818,50,50,0,29.6177335506741,30,30,0,7.54993351799287,21.8230146594865,30,11.4244565601114,30,0,30,30,6.78589730559642,10.7609188451088,30,14.2661129199913,28.8285047126719,30,8.93333910235341,30,0,30,30,30,28.6785959502921,30,30,0.3,0,0.0494220908592202,0,0,0,0,0,0,0.3,0.3,0.3,0.00919015368782194,0,0,0,0,0.0245251213610758,0,0,0,0.223396628365863,0.3,0,0,0,0.3,0,-37.9
"39",50,34.8550094945871,3.6978687508845,2.93759614297359,50,50,50,50,0,50,0,50,50,0,50,16.4465331510286,12.250652656425,0,0,0,0,0,0,1.43902580641419,50,42.6193873973524,50,50,0,29.3736656387026,30,30,0,8.76630085783214,16.9488547109408,30,11.8898892093578,30,0,30,30,1.59464716343184,7.40835154512077,30,10.2948897476334,27.5109040315788,30,11.8753736549784,30,0,30,30,30,28.6239955899142,30,30,0.3,0,0.0289300542997168,0,0,0,0,0,0,0.3,0.3,0.3,0.0150686950402505,0,0,0,0,0,0,0,0,0.276868495665426,0.3,0,0,0,0.3,0,-40.8
"40",50,43.3421787280343,6.71925043678531,0,50,50,50,50,0,50,0,50,50,0,50,22.9573214651513,7.82777103547743,0,0,0,0,0,0,3.83650490824093,50,42.7361293495735,50,50,0,29.1964953017348,30,30,0,8.04578208256942,21.5438591168475,30,8.26164718359862,30,0,30,30,2.24604662677947,10.3476373371613,30,14.4427061186532,27.5605360329931,30,12.2332323733069,30,0,30,30,30,29.442040101057,30,30,0.3,0,0.0327436819628699,0,0,0,0,0,0,0.3,0.3,0.3,0.012045668095471,0,0,0,0.000122448995395797,0,0,0,0,0.23810732941538,0.3,0,0,0,0.3,0,-40.8
"41",50,48.7758889239385,16.5535764667527,5.53205086596842,50,50,50,50,0,50,0,50,50,0,50,31.8845531843279,13.8339239893585,0,0,0,0,0,0,5.69391901996968,50,39.636856575584,50,50,0,30,30,30,0,6.22443091446539,26.4425398286336,30,10.5185054703561,30,0,30,30,12.064965387649,16.7561553862962,30,21.5307457479817,28.4194260457827,30,4.90270491247609,30,0,30,30,30,28.824863026479,30,30,0.3,0,0.0892085787713757,0,0,0,0,0,0,0.3,0.3,0.3,0.00637260565961273,0,0,0,0,0.0179849823278789,0,0,0,0.166403770832454,0.3,0,0,0,0.3,0,-40
"42",50,41.8448179146101,13.6540713521857,2.05613883871535,50,50,50,50,0,50,0,50,50,0,50,26.4968614821937,10.7865134886794,0,0,0,0,0,0,3.43627458695843,50,39.4932817367968,50,50,0,29.3536044344796,30,30,0,7.22663735485674,22.8422516200492,30,10.1167296055697,30,0,30,30,6.85096289027295,12.1616441578818,30,15.3969866447492,28.2446512046039,30,9.02714747670162,30,0,30,30,30,29.4559014186239,30,30,0.3,0,0.0467751585410426,0,0,0,0,0,0,0.3,0.3,0.3,0.00887882471673646,0,0,0,0,0.00622060973092925,0,0,0,0.214757062197396,0.3,0,0,0,0.3,0,-40
"43",50,36.7842441199953,5.50963541480516,3.23192066692038,50,50,50,50,0,50,0,50,50,0,50,23.950351747812,8.12062174568683,0,0,0,0,0,0,3.70161392045033,50,42.3435003186643,50,50,0,29.2627638152874,30,30,0,9.94611393140938,19.5770664779547,30,11.976700338618,30,0,30,30,3.95578031349602,11.2397306954436,30,15.3178301698054,29.9225938099772,30,10.5478863363391,30,0,30,30,30,30,30,30,0.3,0,0.0599327095376812,0,0,0,0,0,0,0.3,0.3,0.3,0.0116808248285086,0,0,0,0,0,0,0,0,0.214762148593224,0.3,0,0,0,0.3,0,-38.2
"44",50,38.6809607217,5.47736882818513,1.84017910449046,50,50,50,50,0,50,0,50,50,0,50,21.8065066979086,13.1766807488343,0,0,0,0,0,0,2.37836843200743,50,44.8763085068926,50,50,0,29.8268737186653,30,30,0,7.21714503606954,18.6835761433245,30,13.9678892202598,30,0,30,30,4.80489876793101,7.89188892193289,30,12.0156395457696,27.541024263247,30,9.49741388771594,30,0,30,30,30,29.4950236337663,30,30,0.3,0,0.0457550221685828,0,0,0,0,0,0,0.3,0.3,0.3,0.0124667327786031,0,0,0,0,0,0,0,0,0.252181097385193,0.3,0,0,0,0.3,0,-41.2
"45",50,35.6206367769535,8.58911404355634,2.29508783136728,50,50,50,50,0,50,0,50,50,0,50,22.4295434489939,11.4887486104121,0,0,0,0,0,0,2.3165532324608,50,40.7522742355522,50,50,0,29.1765039182995,30,30,0,8.32417396821119,18.8861045998007,30,11.6905278920462,30,0,30,30,4.1939469839147,8.84791621487225,30,11.8010841866325,28.7482721059768,30,10.4292146653746,30,0,30,30,30,29.4652257485114,30,30,0.3,0,0.0335121668395832,0,0,0,0,0,0,0.3,0.3,0.3,0.00829652125181016,0,0,0,0,0.00474842402044609,0,0,0,0.250709212521493,0.3,0,0,0,0.3,0,-40.6
"46",50,50,32.3870248236051,8.1045662494857,50,50,50,50,0,50,0,50,50,0,50,40.9527518651758,15.4949418120646,0,0,0,0,0,0,8.97490646314234,50,38.4017190907187,50,50,0,30,30,30,0,1.73306242294003,30,30,17.5417381354483,30,0,30,30,18.7178072312611,23.1373480501132,30,30,28.2334577657166,30,1.78117177690403,30,0,30,30,30,28.189779091133,30,30,0.3,0,0.12673007686852,0,0,0,0,0,0,0.3,0.3,0.3,0.00234259442443857,0,0,0,0,0.0335274065585104,0,0,0,0.100177304982059,0.3,0,0,0,0.3,0,-42.6
"47",50,39.2871496046289,8.6254471965018,4.08179901709072,50,50,50,50,0,50,0,50,50,0,50,18.4819024253518,14.6858664770066,0,0,0,0,0,0,0.221211830644224,50,40.9933820077675,50,50,0,28.9334343985186,30,30,0,8.96366210921389,17.4219992260357,30,13.5802764275723,30,0,30,30,2.45680763862926,5.73026064774083,30,9.06920886244565,28.7084877896072,30,11.123184081014,30,0,30,30,30,27.5535007360993,30,30,0.3,0,0.0216939563498897,0,0,0,0,0,0,0.3,0.3,0.3,0.00949739537123456,0,0,0,0,0.0331646727189821,0,0,0,0.279223203195424,0.3,0,0,0,0.3,0,-38.8
"48",49.8751975301038,36.1804969472816,6.43188934949382,2.28754730227823,50,50,50,50,0,50,0,50,50,0,49.5611218021813,19.6166863106982,10.6159700322568,0,0,0,0,0,0,0,50,43.1818358982311,50,50,0,29.8181490310027,30,30,0,9.86734324293446,18.1876214473152,30,10.4216116821175,30,0,30,30,4.42479517352469,7.01037905981518,30,10.3182411101221,27.4452575735007,30,11.8570777695754,30,0,30,30,30,28.4613737495333,30,30,0.3,0,0.00983940120668042,0,0,0,0,0,0,0.3,0.3,0.3,0.0136633229059595,0,0,0,0,0,0,0,0,0.260539379603833,0.3,0,0,0,0.3,0,-41.3
"49",50,35.1745534110954,2.66767607817025,3.0422802162849,50,50,50,50,0,50,0,50,50,0,50,19.9604160575473,10.3725165700996,0,0,0,0,0,0,1.80094855796472,50,43.5829954781049,50,50,0,29.3498367375673,30,30,0,9.20675267587271,18.1663229812473,30,11.6596476482966,30,0,30,30,2.97832850814758,7.67231071273908,30,11.399029173945,27.1388783231891,30,11.241278988224,30,0,30,30,30,29.3071974041932,30,30,0.3,0,0.0342920988088005,0,0,0,0,0,0,0.3,0.3,0.3,0.0128671778314723,0,0,0,0,0,0,0,0,0.260175010399874,0.3,0,0,0,0.3,0,-40.6
"50",50,33.011978995334,4.4806540349182,2.1285208340568,50,50,50,50,0,50,0,50,50,0,50,17.0813701985107,11.4296465997932,0,0,0,0,0,0,0,50,39.5994585742825,50,50,0,29.012616404876,30,30,0,10.2431631558244,17.8186825326081,30,12.9122078242896,30,0,30,30,1.76374183847079,4.54739961044564,30,6.88388819833064,28.2679164471279,30,10.9953067448492,30,0,30,30,30,27.8235915189581,30,30,0.3,0,0.0185204232407452,0,0,0,0,0,0,0.3,0.3,0.3,0.0117148880535627,0,0,0,0.000142676954387864,0,0,0,0,0.283632062442248,0.3,0,0,0,0.3,0,-40.9
"51",50,38.954699759772,0,0,50,50,50,50,0,50,0,50,50,0,50,13.3988048466144,11.0719530379372,0,0,0,0,0,0,1.79605200236521,50,44.0093817575862,50,50,0,29.01382935771,30,30,0,12.8399136949937,16.7550371403454,30,11.4029487099798,30,0,30,30,0,7.26187990983041,30,11.2552974536899,30,30,15.6037695516355,30,0,30,30,30,29.9217636236845,30,30,0.3,0,0.00821352827136751,0,0,0,0,0,0,0.3,0.3,0.3,0.0151938186432047,0,0,0,0,0,0,0,0,0.266296528607037,0.3,0,0,0,0.3,0,-46.4
"52",50,35.2607710547517,4.52131988457976,1.93126734685038,50,50,50,50,0,50,0,50,50,0,50,15.3492126969742,12.6740050989637,0,0,0,0,0,0,1.09898195686271,50,41.4647550669102,50,50,0,29.4436295628139,30,30,0,6.96673830586382,17.8098531541649,30,11.8554476682557,30,0,30,30,3.1753264296718,7.00536412086087,30,10.5589526990474,27.3339770967686,30,10.8151588445692,30,0,30,30,30,28.9110080419646,30,30,0.3,0,0.0260633505707778,0,0,0,0,0,0,0.3,0.3,0.3,0.0139122678490391,0,0,0,0,0.00807432519092865,0,0,0,0.262853743170755,0.3,0,0,0,0.3,0,-40.1
"53",50,36.1406871042218,8.4668720611027,1.5979803413151,50,50,50,50,0,50,0,50,50,0,50,22.6106248781417,13.4390410145543,0,0,0,0.807740625016315,0,0,3.96491909433972,50,39.9911667844194,50,50,0,29.8369628423677,30,30,0,10.1506606502669,19.8956688782337,30,11.991157804218,30,0,30,30,4.95422107634276,9.58815420872715,30,13.6637112159017,29.0810636933629,30,8.80941098966781,30,0,30,30,30,28.0796949126007,30,30,0.3,0,0.0568226687288523,0,0,0,0,0,0,0.3,0.3,0.3,0.00804481922243926,0,0,0,0,0.000894248795058263,0,0,0,0.226909480470483,0.3,0,0,0.000109764565669259,0.3,0,-38.9
"54",50,42.7982377564755,9.92113465267948,3.19027374102348,50,50,50,50,0,50,0,50,50,0,50,27.2998613596507,11.7012512992364,0,0,0,0,0,0,3.67841738721915,50,41.9282855996823,50,50,0,30,30,30,0,8.36173014171673,21.8219356544716,30,10.239414223381,30,0,30,30,6.71669587912957,12.6867978732941,30,16.3599930053763,28.2865366829279,30,7.92763043031615,30,0,30,30,30,30,30,30,0.3,0,0.0523877473753724,0,0,0,0,0,0,0.3,0.3,0.3,0.00656126546354556,0,0,0,0,0,0,0,0,0.206280663420337,0.3,0,0,0,0.3,0,-40
"55",50,47.0271242468778,13.5922341646319,2.55328361436258,50,50,50,50,0,50,0,50,50,0,50,26.5921875400518,11.6647575344661,0,0,0,0,0,0,4.02890516446502,50,39.3151858116422,50,50,0,29.7819032680613,30,30,0,7.16420856476391,25.6634332920017,30,10.0025470226778,30,0,30,30,8.59333559952528,12.999314002686,30,18.0974574869438,29.3284240621507,30,8.07505002276033,30,0,30,30,30,28.6867067141007,30,30,0.3,0,0.0557745269708575,0,0,0,0,0,0,0.3,0.3,0.3,0.00709321764418156,0,0,0,0.000348516340827545,0,0,0,0,0.194638493767614,0.3,0,0,0,0.3,0,-37.9
"56",48.5546480435268,32.5715050069761,21.2137961415967,6.26408478060449,50,50,50,49.729861108235,0,50,0,50,50,0,37.3150715240849,24.3166093034427,20.7669559508732,0,0,0,11.4917853243294,0,0.103886124826017,4.29632476879776,50,35.5485318641191,50,50,0,29.3874399646718,30,30,0.344260363810369,9.58202979368009,20.777724531295,30,14.6574871325835,30,0,30,30,6.27164221107328,10.6828780240629,30,11.242830850086,28.1372631230638,30,8.60012370090914,30,0,29.6662633730777,30,30,29.0250407070617,29.0630707611133,30,0.29899537678424,0,0.0524481362526992,0,0.000455920058883465,0,0,0.00297553358643643,0,0.3,0.3,0.3,0.00570513687590016,0,0,0,0.0109335670688552,0.0838484233536687,0,0,0,0.225807202964094,0.3,0,0,0.0614381616739112,0.3,0,-42.1
"57",50,39.9581940675223,8.52799443546682,1.85210042533485,50,50,50,50,0,50,0,50,50,0,50,24.277565660717,9.0692609681246,0,0,0,0,0,0,2.83673252931303,50,41.1175672756962,50,50,0,29.2665939333977,30,30,0,7.79591130279922,21.6271059428884,30,10.2743452347909,30,0,30,30,5.03025650615343,10.8923391363855,30,14.2207772103276,28.6681957104737,30,10.4070279344365,30,0,30,30,30,29.8665322656729,30,30,0.3,0,0.0408088134038815,0,0,0,0,0,0,0.3,0.3,0.3,0.0110857584151813,0,0,0,0,0,0,0,0,0.233645895121607,0.3,0,0,0,0.3,0,-39.7
"58",50,45.5629818560104,21.5575277578025,2.09988866373259,50,50,50,50,0,50,0,50,50,0,46.8340343373297,29.6375729601544,14.7198257397384,0,0,0,0,0,0,4.28476792085781,50,36.2996579207064,50,50,0,30,30,30,0,6.30560152878995,24.7544323193389,30,10.822738416016,30,0,30,30,9.89239740843115,13.93879874751,30,16.8096128529749,29.7118416240809,30,6.76669435321169,30,0,30,30,30,28.2466783034033,30,30,0.3,0,0.0568302823225509,0,0,0,0,0,0,0.3,0.3,0.3,0.00469478803186367,0,0,0,0,0.0491684155109272,0,0,0,0.190455456388111,0.3,0,0,0,0.3,0,-41
"59",50,44.6159879832538,13.8518926235594,1.25452800291505,50,50,50,50,0,50,0,50,50,0,50,26.4227854467111,9.50589140914995,0,0,0,0,0,0,4.17097438405167,50,38.9312453193022,50,50,0,29.4328945149009,30,30,0,6.80823000680426,23.8174559902295,30,8.98896716030485,30,0,30,30,7.27160396641544,13.226393726611,30,15.9789329763942,29.37009034787,30,9.40004114595525,30,0,30,30,30,28.91516760491,30,30,0.3,0,0.0519656513328557,0,0,0,0,0,0,0.3,0.3,0.3,0.00868056852142238,0,0,0,0,0.00148809700256444,0,0,0,0.207057715954822,0.3,0,0,0,0.3,0,-40.5
"60",50,34.1330777624962,1.45410951814364,2.57353652419127,50,50,50,50,0,50,0,50,50,0,50,18.7469563904169,9.48174608129211,0,0,0,0,0,0,1.33350937935951,50,45.6099436064393,50,50,0,29.0598415213337,30,30,0,9.43936820353587,17.2800960233008,30,11.0589396694157,30,0,30,30,0.402107559990439,5.81517070895097,30,9.72558935207263,28.8295288118443,30,12.8796529156711,30,0,30,30,30,29.8261266234284,30,30,0.3,0,0.0246617489632319,0,0,0,0,0,0,0.3,0.3,0.3,0.0140745256326185,0,0,0,0,0,0,0,0,0.279546337773261,0.3,0,0,0,0.3,0,-46
