"","accuracy","NA","NA","NA","NA","NA","NA","NA","NA","NA","NA","NA","NA","NA","NA","NA","NA","NA","NA","NA","NA","NA","NA","NA","NA","NA","NA","NA","NA","NA","NA","NA","NA","NA","NA","NA","NA","NA","NA","NA","NA","NA","NA","NA","NA","NA","NA","NA","NA","NA","NA","NA","NA","NA","NA","NA","NA","NA","NA","NA","NA","NA","NA","NA","NA","NA","NA","NA","NA","NA","NA","NA","NA","NA","NA","NA","NA","NA","NA","NA","NA","NA","NA","NA","NA"
"1",50,50,28.0000556892974,2.77131666567526,50,50,50,50,0,50,0,50,50,0,48.4867366668109,38.9181559229507,11.9123757399867,0,0,0,0,0,0,7.49495000037181,50,33.6564022217232,50,50,0,30,30,30,0,4.86400472011172,30,30,8.08978597725325,30,0,30,30,15.1398038973979,21.1112714533289,30,25.194686622012,30,30,3.39448433821926,30,0,30,30,30,30,30,30,0.3,0,0.0968554551393615,0,0,0,0,0,0,0.3,0.3,0.3,0.000245978058105892,0,0,0,0,0.0370519430315023,0,0,0,0.101921717027704,0.3,0,0,0,0.3,0,-41
"2",50,45.7501077753652,24.9909560711585,3.62794252425519,50,50,50,50,0,50,0,50,50,0,48.2057852770631,36.7344674017465,15.8322261393551,0,0,0,0,0,0,5.84981896275328,50,34.6662532478267,50,50,0,30,30,30,0,4.95557192855933,25.5724961173407,30,16.4815791623467,30,0,30,30,12.8556247374679,16.2746486524199,30,16.3777286451873,30,30,2.34063325067117,30,0,30,30,30,30,30,30,0.3,0,0.0466385845708655,0,0,0,0,0,0,0.3,0.3,0.3,0,0,0,0,0,0.0572735074948012,0,0,0,0.165672256053508,0.3,0,0,0,0.3,0,-42
"3",50,43.0126214094822,21.6506234255708,2.48167423260671,50,50,50,50,0,50,0,50,50,0,46.5594870432071,29.0045003508434,16.1389094543106,0,0,0,0.418100438761453,0,0,4.25242764828294,50,36.8005324812967,50,50,0,29.9306653871954,30,30,0,6.06870966667783,24.2157381765452,30,11.4391248787779,30,0,30,30,10.6405823955177,13.9912936922703,30,17.1229409448675,28.8781510666647,30,6.24925510866898,30,0,30,30,30,28.4621301819276,30,30,0.3,0,0.0571159565205438,0,0,0,0,0,0,0.3,0.3,0.3,0.00552761263978463,0,0,0,0,0.0552891288604822,0,0,0,0.190463375352671,0.3,0,0,0.00219076312881996,0.3,0,-41.5
"4",50,39.5603950423674,13.9892381060172,3.24746133100722,50,50,50,50,0,50,0,50,50,0,50,26.8593411716024,13.7864937946309,0,0,0,0,0,0,2.86305618883539,50,39.2292845514823,50,50,0,29.5917188446497,30,30,0,7.51394987691793,22.0576774482282,30,13.0561682654628,30,0,30,30,7.59617345194359,10.9148975474772,30,13.5816675940647,29.0778116547525,30,7.9630328722414,30,0,30,30,30,29.685698804779,30,30,0.3,0,0.0415963161570939,0,0,0,0,0,0,0.3,0.3,0.3,0.00801201294993885,0,0,0,0,0.0356315588470703,0,0,0,0.219350540037287,0.3,0,0,0,0.3,0,-38.4
"5",50,48.0378609993445,22.8179426097062,2.13549545424996,50,50,50,50,0,50,0,50,50,0,50,31.8581083262375,12.091947513843,0,0,0,0,0,0,6.58560117646896,50,34.017403137841,50,50,0,30,30,30,0,6.05072087098139,28.0838004923632,30,8.31471897084925,30,0,30,30,10.4622561996312,16.9342480453913,30,19.9484240072493,28.6780926099252,30,8.17121305871963,30,0,30,30,30,26.981958773127,30,30,0.3,0,0.0713565219683797,0,0,0,0,0,0,0.3,0.3,0.3,0.00647085766955355,0,0,0,0,0.036653911073291,0,0,0,0.173921965859936,0.3,0,0,0,0.3,0,-41.3
"6",50,48.4077944263907,29.9390541359189,4.86947231080071,50,50,50,50,0,50,0,50,50,0,42.2132435449703,32.8143273659228,17.3658870006144,0,0,0,0,0,0,3.44534069363201,50,35.4029399541379,50,50,0,29.9164982118466,30,30,0,6.86450797837888,27.3313187081555,30,9.55599286887941,30,0,30,30,12.9488834287495,15.1421997925264,30,17.451727139587,30,30,5.69260611343542,30,0,30,30,30,28.1283484878063,30,30,0.3,0,0.0577175834489009,0,0,0,0,0,0,0.3,0.3,0.3,0.00187654005523306,0,0,0,0,0.0718647249215738,0,0,0,0.178192880773933,0.3,0,0,0,0.3,0,-40.2
"7",50,37.7730864472803,32.3009950727053,1.84859131984549,50,50,50,50,0,50,0,50,50,0,33.8169633498261,30.2005576004113,20.2708604930445,0,0,0,11.3144738893159,0,0,1.8052914844007,50,29.5348316160574,50,50,0,30,30,30,0,4.46298244373498,22.1918471738822,30,12.4062199006226,30,0,30,30,10.3040841468234,11.9400405578099,30,13.7284267541498,29.719637126862,30,5.49937799985409,30,0,30,30,30,27.2047891897438,30,30,0.3,0,0.0545904819599007,0,0,0,0,0,0,0.3,0.3,0.3,0.00320685530255523,0,0,0,0.00783856203878445,0.101250643110987,0,0,0,0.216088468401141,0.3,0,0,0.0348503126844508,0.3,0,-43.2
"8",50,46.3278848317087,23.4225211125878,0.724925939725625,50,50,50,50,0,50,0,50,50,0,50,35.0056462864747,12.9678251052807,0,0,0,0,0,0,3.69991178792359,50,34.7579883827058,50,50,0,29.8111951342108,30,30,0,6.59623759273907,27.308810642944,30,9.72470651799778,30,0,30,30,12.3267338215157,16.7119470525862,30,19.3561004893738,29.7995506239692,30,6.23345655111912,30,0,30,30,30,27.2005265791061,30,30,0.3,0,0.0459025651449164,0,0,0,0,0,0,0.3,0.3,0.3,0.00307810775366657,0,0,0,0,0.0254538880125285,0,0,0,0.171726220667926,0.3,0,0,0,0.3,0,-41.9
"9",49.7995249378476,40.5346437544867,29.457905982436,5.72307482145555,50,50,50,50,0,50,0,50,49.9354047498478,0,40.8649281450428,29.5660510228889,22.0864889895886,0,0,0,2.76601351959021,0,0,7.57296491000474,50,28.3320826848126,50,50,0,30,30,30,0,5.57835585517875,28.0047419249149,30,11.6152266555298,30,0,30,30,12.3209703062949,16.1580979943713,30,18.0509980102122,30,30,7.28035967664842,30,0,30,30,30,27.4409185392477,30,30,0.299304514854546,0,0.0884819072717542,0,0,0,0,0,0,0.3,0.3,0.3,0,0,0,0,0,0.10192756642293,0,0,0,0.184319878906811,0.3,0,0,0.0340579552346452,0.3,0,-43.4
"10",50,50,26.7734607600518,0,50,50,50,50,0,50,0,50,50,0,48.1415722158658,32.7642808956646,12.4732041019014,0,0,0,0,0,0,4.89525474183817,50,35.2068376573909,50,50,0,30,30,30,0,3.69265249176392,28.696509440134,30,6.83898647281753,30,0,30,30,11.9358735095732,18.2315455183313,30,19.824416513076,30,30,7.98479690681082,30,0,30,30,30,28.759979408275,30,30,0.3,0,0.0511828898138798,0,0,0,0,0,0,0.3,0.3,0.3,0.0020556523203099,0,0,0,0.000904607039053576,0.0392293164136922,0,0,0,0.164429623490593,0.3,0,0,0,0.3,0,-42.6
"11",50,45.6057528145581,22.9153121685983,1.78223689426346,50,50,50,50,0,50,0,50,50,0,50,30.7697589474536,14.8509967491109,0,0,0,0,0,0,3.28045370368938,50,38.625855468452,50,50,0,30,30,30,0,3.77210422107159,25.3601138580107,30,10.994596394774,30,0,30,30,11.0456252523929,13.459522134411,30,16.177314978617,29.907907433797,30,5.72880038345126,30,0,30,30,30,29.7881547071473,30,30,0.3,0,0.0401070047073889,0,0,0,0,0,0,0.3,0.3,0.3,0.000393899397210407,0,0,0,0,0.0335506223889771,0,0,0,0.176271138949433,0.3,0,0,0,0.3,0,-41.5
"12",50,39.8563084390908,14.5898963904002,2.77392501830893,50,50,50,50,0,50,0,50,50,0,50,26.9689407700509,12.2567631449413,0,0,0,0,0,0,3.5119185687775,50,39.0211465576288,50,50,0,29.8229763808236,30,30,0,7.8776433937881,22.2875945809385,30,11.2269834354614,30,0,30,30,7.25045439080499,11.5916186578765,30,14.6384772885328,27.4236778450728,30,8.61495471698693,30,0,30,30,30,28.5973499759834,30,30,0.3,0,0.0473460554650339,0,0,0,0,0,0,0.3,0.3,0.3,0.00844820528155511,0,0,0,0,0.0181656742058775,0,0,0,0.216405921042388,0.3,0,0,0,0.3,0,-38.5
"13",50,40.6270193707612,22.2112989946546,2.8179151909547,50,50,50,50,0,50,0,50,50,0,44.3929491151365,28.9072281784397,17.0394060361766,0,0,0,0,0,0,3.94970083151703,50,35.2764547309813,50,50,0,29.650276270295,30,30,0,7.09626915853162,23.837266756283,30,11.3094246273238,30,0,30,30,7.12840330866986,13.5594868779556,30,14.3979600688637,29.80066273349,30,7.79842124433148,30,0,30,30,30,27.6838163412566,30,30,0.299976810300794,0,0.0471253106292142,0,0,0,0,0,0,0.3,0.3,0.3,0.00683796149154233,0,0,0,0,0.0596809320418446,0,0,0,0.205167579914717,0.3,0,0,0,0.3,0,-42.4
"14",50,46.3290892046209,28.3759374386179,1.82474130669593,50,50,50,50,0,50,0,50,50,0,43.2876111430524,31.5277856560481,15.4204317086928,0,0,0,0,0,0,5.64759286102028,50,32.5606120453788,50,50,0,30,30,30,0,5.22543376240824,27.1551584463478,30,9.34116690955568,30,0,30,30,11.096650167403,16.050934982904,30,18.2293433691325,29.7846387641676,30,6.62577410263671,30,0,30,30,30,26.9912561799925,30,30,0.3,0,0.0611158321577015,0,0,0,0,0,0,0.3,0.3,0.3,0.00359058962493703,0,0,0,0,0.0654267644063479,0,0,0,0.178590424099929,0.3,0,0,0,0.3,0,-41.8
"15",50,50,29.9263875521321,2.14828107760584,50,50,50,50,0,50,0,50,50,0,44.3991591463218,35.3091788528759,14.3433523510462,0,0,0,0,0,0,5.98717207297477,50,33.7138032954759,50,50,0,30,30,30,0,5.61975446393519,27.6927214862085,30,8.18208103835615,30,0,30,30,12.3657139806279,17.2697347914423,30,20.7916986513871,30,30,5.13213578224064,30,0,30,30,30,27.7119454502239,30,30,0.3,0,0.0667590685884703,0,0,0,0,0,0,0.3,0.3,0.3,0,0,0,0,0,0.0489546155979753,0,0,0,0.1428490154453,0.3,0,0,0,0.3,0,-41.3
"16",50,45.4251821595648,25.0944861104921,0.0840485248074907,50,50,50,50,0,50,0,50,50,0,45.0686615145144,33.2933021868626,14.4879530975429,0,0,0,0,0,0,5.38210436754314,50,35.9731746833119,50,50,0,30,30,30,0,4.65330160687089,25.9930447754327,30,10.2460048336899,30,0,30,30,10.1143309360065,15.7731598754329,30,18.4307842708437,29.6407444255695,30,6.20171045390136,30,0,30,30,30,28.1608671319021,30,30,0.3,0,0.0587492385608043,0,0,0,0,0,0,0.3,0.3,0.3,0.00301436861973021,0,0,0,0,0.0511060747695084,0,0,0,0.175326073685158,0.3,0,0,0,0.3,0,-42.7
"17",50,44.8140571005481,21.7236167236428,2.52678805296993,50,50,50,50,0,50,0,50,50,0,50,31.4022603191035,14.7705457660083,0,0,0,0,0,0,4.64892983131154,50,35.3744550107373,50,50,0,29.8991345936537,30,30,0,5.948306271605,25.4542765707145,30,11.4493070639074,30,0,30,30,10.3928129155484,14.5624705751917,30,16.8438222302497,29.5395350670777,30,7.02089479902782,30,0,30,30,30,27.5693649748658,30,30,0.3,0,0.0581369269790079,0,0,0,0,0,0,0.3,0.3,0.3,0.00232671842802784,0,0,0,0,0.0547652642962052,0,0,0,0.171905725644675,0.3,0,0,0,0.3,0,-40.1
"18",50,36.9848686625073,27.6235626933567,7.09125992160511,50,50,50,50,0,50,0,50,50,0,39.4267300364886,27.7057833164785,22.7067572126794,0,0,0,7.68119325394887,0,0,2.23783455725558,50,31.1190152724107,50,50,0,29.4910247648845,30,30,0,6.18626291394204,22.6897698318694,30,13.6160450377019,30,0,30,30,10.8835259916253,13.2121909824384,30,14.8360483993311,30,30,5.82186182225387,30,0,30,30,30,27.3404845325289,30,30,0.3,0,0.0666861872564368,0,0,0,0,0,0,0.3,0.3,0.3,0,0,0,0,0,0.107594140854339,0,0.0109145735379065,0,0.186341037854966,0.3,0,0,0.0260926443621553,0.3,0,-46.6
"19",50,46.8629932315933,35.8699840683874,0.921405852375982,50,50,50,50,0,50,0,50,50,0,36.2992446746001,33.5938497795521,18.7276109182311,0,0,0,1.47261972874077,0,0,3.91052316777725,50,30.4323355410607,50,50,0,30,30,30,0,3.89736243790024,27.8833568571698,30,9.98404020294809,30,0,30,30,12.41166747102,16.7826790197627,30,18.6054646616669,30,30,5.33023700878282,30,0,30,30,30,27.0610746736732,30,30,0.3,0,0.0557067674655215,0,0,0,0,0,0,0.3,0.3,0.3,0,0,0,0,0,0.0950360497388232,0,0,0,0.170892588215011,0.3,0,0,0,0.3,0,-40.3
"20",50,40.0989410635422,0,4.52876205047122,50,50,50,50,0,50,0,50,50,0,50,24.4715236479803,22.1288567379919,0,0,0,0,0,0,4.17347277619936,50,50,50,50,0,29.2727186429526,30,30,0,10.0547677095836,20.5154636688278,30,15.6652501667345,30,0,30,30,0,15.0919346176378,30,10.9889189343802,29.2911040174938,30,2.6285790326121,30,0,30,30,30,30,30,30,0.3,0,0.0982344857245473,0,0,0,0,0,0,0.3,0.3,0.3,0.0104237818190284,0,0,0,0,0.00958486477197371,0,0,0,0.152656726150172,0.3,0,0,0,0.3,0,-46.3
"21",50,45.2478267499291,17.2028585220307,2.42091876453637,50,50,50,50,0,50,0,50,50,0,50,32.0663617547092,12.2061506563012,0,0,0,0,0,0,4.21754228135746,50,38.8653080935051,50,50,0,29.5941586293434,30,30,0,6.70213124270537,25.4267442361852,30,11.1747314956879,30,0,30,30,10.4118498070464,14.910719343437,30,18.1538777436113,28.2183443475189,30,5.58345482114591,30,0,30,30,30,29.2789085506206,30,30,0.3,0,0.0641854566838609,0,0,0,0,0,0,0.3,0.3,0.3,0.0043071054480141,0,0,0,0,0.021484383793368,0,0,0,0.170393564891294,0.3,0,0,0,0.3,0,-40.2
"22",50,50,40.6872936257742,0,50,50,50,50,0,50,0,50,50,0,38.6829184370855,50,6.58757579946045,0,0,0,0,0,0,0.149496891036305,50,28.3473974523759,50,50,0,30,30,30,0,0,30,30,0,30,0,30,30,15.6297002856385,30,30,30,30,30,1.42437421873152,30,0,30,30,30,30,30,30,0.3,0,0.105848802261938,0,0,0,0,0,0,0.3,0.3,0.3,0,0,0,0,0,0.031106460278156,0,0,0,0.0342039349686631,0.3,0,0,0,0.3,0,-53.4
"23",50,42.5063350863334,18.5992196249652,3.31643103162933,50,50,50,50,0,50,0,50,50,0,50,29.8702597694049,13.7514940125061,0,0,0,0,0,0,3.93615860649622,50,35.792846360805,50,50,0,29.6750993624258,30,30,0,7.85846165056444,24.0411537842392,30,11.5257695350159,30,0,30,30,11.8494255414804,14.8646972876597,30,17.4011600651089,28.6920440175016,30,5.47520388713208,30,0,30,30,30,30,30,30,0.3,0,0.060995364479993,0,0,0,0,0,0,0.3,0.3,0.3,0.00450847489238689,0,0,0,0,0.0410608380414621,0,0,0,0.173919864399462,0.3,0,0,0,0.3,0,-39.7
"24",50,49.8626243300045,26.9959358438389,0,50,50,50,50,0,50,0,50,50,0,47.3661835547851,31.1386276162283,12.3902947149275,0,0,0,0,0,0,6.441428281137,50,33.184561987588,50,50,0,29.7420193779797,30,30,0,4.54604947989223,28.5626516248811,30,7.03093576399434,30,0,30,30,10.2147489423461,17.3846757040243,30,19.910981502897,30,30,7.50431461324779,30,0,30,30,30,27.7359278339347,30,30,0.3,0,0.0644681863398112,0,0,0,0,0,0,0.3,0.3,0.3,0.00169475687028041,0,0,0,0,0.0405030732102796,0,0,0,0.167079788805933,0.3,0,0,0,0.3,0,-42.5
"25",50,43.0659508327201,15.6717694082023,1.66751423057301,50,50,50,50,0,50,0,50,50,0,50,27.3191984759683,12.4997121939667,0,0,0,0,0,0,2.96110316989725,50,39.2788782257311,50,50,0,29.3596298590108,30,30,0,7.40118671188407,23.5447662494171,30,10.9166084566803,30,0,30,30,7.16671035574106,11.5045417757825,30,14.4255887710448,27.981805024316,30,8.5384884752844,30,0,30,30,30,28.4837215916481,30,30,0.3,0,0.04069128096658,0,0,0,0,0,0,0.3,0.3,0.3,0.00916010777759422,0,0,0,0,0.0261164660257757,0,0,0,0.220288088603613,0.3,0,0,0,0.3,0,-38.4
"26",50,38.1679723256184,26.2831423008782,1.39529222567199,50,50,50,50,0,50,0,50,50,0,42.1663582799373,26.0686959152975,17.2039839394094,0,0,0,6.51066086204734,0,0,4.22157494927523,50,32.4876202282258,50,50,0,28.941206782977,30,30,0.100125346170451,6.40281131855995,22.8054699648805,30,10.0264771537805,30,0,30,30,7.6603780071964,12.2938515220789,30,13.7571606762566,28.852807922642,30,7.84035209093884,30,0,30,30,30,25.3435071648497,30,30,0.29973476650717,0,0.0398396400785208,0,0,0,0,0,0,0.3,0.3,0.3,0.00578781201059559,0,0,0,0,0.0795989649423957,0,0,0,0.232193896419978,0.297563142080016,0,0,0.0114565296555618,0.3,0,-47.3
"27",50,44.9937634414307,13.2233393319106,2.53338807443355,50,50,50,50,0,50,0,50,50,0,50,24.502108739381,15.4004520854435,0,0,0,0,0,0,1.17772045246017,50,38.4767816735044,50,50,0,29.624734044107,30,30,0,7.77113789985815,24.1396561670416,30,14.7335227334359,30,0,30,30,6.06493400522354,7.73838754878869,30,10.3801487940678,27.9322438357097,30,8.11954081047055,30,0,30,30,30,28.1667232935088,30,30,0.3,0,0.0185435003330159,0,0,0,0,0,0,0.3,0.3,0.3,0.00854860478605708,0,0,0,0,0.0447362357879933,0,0,0,0.241184009395826,0.3,0,0,0,0.3,0,-41.2
"28",50,41.8910146154816,13.7887328120565,3.29137076193291,50,50,50,50,0,50,0,50,50,0,49.7285764234848,35.0967756209752,12.5753449465146,0,0,0,0,0,0,3.44699923852703,50,39.139936851544,50,50,0,29.860207243539,30,30,0,8.4020917586828,24.1592933676301,30,13.0542850080171,30,0,30,30,12.6797848515209,11.4875927406689,30,16.6726151938159,29.8643613230092,30,6.84696117272952,30,0,30,30,30,30,30,30,0.3,0,0.0356283970458599,0,0,0,0,0,0,0.3,0.3,0.3,0.00515738576703131,0,0,0,0,0.0348151435239059,0,0,0,0.174969866894865,0.3,0,0,0,0.3,0,-40.4
"29",50,50,26.2319691215317,0.76405396024817,50,50,50,50,0,50,0,50,50,0,45.0364830941543,33.8468073504671,16.427762419372,0,0,0,0,0,0,5.97414360235682,50,31.1612756037631,50,50,0,30,30,30,0,5.14433328979821,29.5351151741545,30,9.70882320184917,30,0,30,30,13.9165207964338,16.5705429185117,30,19.6551676485342,30,30,4.27706835387104,30,0,30,30,30,28.8163999846165,30,30,0.3,0,0.0722583897637797,0,0,0,0,0,0,0.3,0.3,0.3,0,0,0,0,0,0.0462640709722133,0,0,0,0.155454018504762,0.3,0,0,0,0.3,0,-41.3
"30",50,49.4522007293716,29.6004637812324,2.84923672751692,50,50,50,50,0,50,0,50,50,0,44.2613533158177,35.7356073085017,14.0540852620911,0,0,0,0,0,0,9.16481144283557,50,31.3146445885285,50,50,0,30,30,30,0,4.56105805559777,29.1821374652187,30,8.95961620644882,30,0,30,30,13.8722610239547,19.1647081219901,30,22.2341657600355,30,30,5.90547208808522,30,0,30,30,30,27.4874285435558,30,30,0.3,0,0.0841587040892394,0,0,0,0,0,0,0.3,0.3,0.3,0.000725615492443101,0,0,0,0,0.0654969176192302,0,0,0,0.138656906967733,0.3,0,0,0.00303439938988277,0.3,0,-41.6
"31",50,37.0964136099385,13.8445757437117,2.23968591656743,50,50,50,50,0,50,0,50,50,0,50,23.9118122563616,12.4820600466769,0,0,0,0,0,0,2.64654956780733,50,38.8223901790892,50,50,0,29.1599476734556,30,30,0,7.6752008999418,20.7147669082645,30,11.0592172729637,30,0,30,30,5.16761581148115,10.2223674951213,30,12.7727269694066,28.6182118551629,30,9.79778638599891,30,0,30,30,30,29.3969208155636,30,30,0.3,0,0.0367078961526447,0,0,0,0,0,0,0.3,0.3,0.3,0.00858317964550878,0,0,0,0,0.0167529095492543,0,0,0,0.24222788271209,0.3,0,0,0,0.3,0,-37.8
"32",50,45.7506929009555,30.0881749152574,2.81672149462133,50,50,50,50,0,50,0,50,49.9891181436137,0,40.7231325384278,33.6306585861921,17.2623410716456,0,0,0,0.468570274986334,0,0,5.14199266810538,50,32.987402781117,50,50,0,29.8398703957761,30,30,0.149345330093176,5.06904697158045,26.7562248706172,30,10.8900900818396,30,0,30,30,12.8655751937625,16.4029787530063,30,18.6277362737839,29.4451065566245,30,4.81204594274895,30,0,30,30,30,27.9522309264375,30,30,0.3,0,0.0658260760915278,0.000162192354178857,0,0,0,0,0,0.3,0.3,0.3,0,0,0,0,0,0.0825008116727877,0,0,0,0.163210889028702,0.3,0,0,0.00283888185391329,0.3,0,-41.5
"33",50,44.9737197078914,22.9741244267688,3.70535890511609,50,50,50,50,0,50,0,50,50,0,50,30.2147317951709,11.9424536769584,0,0,0,0,0,0,5.68646538120483,50,36.1218320314509,50,50,0,29.6663126439867,30,30,0,6.18690636903372,26.8808538385091,30,9.99973399576031,30,0,30,30,11.896820601194,15.7382418060011,30,19.2231003704905,29.6624679804345,30,6.61184757965226,30,0,30,30,30,28.4444381582814,30,30,0.3,0,0.0743813820143642,0,0,0,0,0,0,0.3,0.3,0.3,0.00218110329303203,0,0,0,0,0.0458679213634183,0,0,0,0.16148612411286,0.3,0,0,0,0.3,0,-40.4
"34",50,46.0668759964476,15.0289572169088,3.59609625569177,50,50,50,50,0,50,0,50,50,0,50,26.8879568897263,14.1053803890712,0,0,0,0,0,0,4.14551051589157,50,36.8009561560182,50,50,0,29.8702552755392,30,30,0,7.41146880066571,25.5036620735157,30,11.1404748082036,30,0,30,30,8.34145628349338,14.3737999264298,30,16.9430395382042,28.2655225074542,30,8.45017854104613,30,0,30,30,30,28.6280165941444,30,30,0.3,0,0.0523164366093743,0,0,0,0,0,0,0.3,0.3,0.3,0.00428655294402976,0,0,0,0,0.0178163588983681,0,0,0,0.212751001077946,0.3,0,0,0,0.3,0,-38.4
"35",49.9307954769407,48.1363195555522,34.3901432641887,2.48896982889478,50,50,50,50,0,50,0,50,50,0,36.9425672719347,34.6542647714887,17.719793766283,0,0,0,1.14255173591005,0,0,5.94413045486542,50,29.7693441432108,50,50,0,29.8495286499326,29.9326234213411,30,0.265823991593109,4.18602991410219,28.0960077655717,30,8.91705304747114,30,0,30,30,13.553799823084,18.0370869859174,30,19.9999281351156,30,30,5.04316118403015,29.8174866512131,0,29.8486270090159,30,30,27.0296434379218,29.9134564514423,30,0.3,0,0.0674307607156038,0.000758574702562283,0,0,0,0,0,0.3,0.3,0.3,0,0,0,0,0.00478240321848395,0.09151074595066,0,0,0,0.157476020166075,0.3,0,0,0,0.3,0,-40.9
"36",50,38.9825318598285,12.8194687762898,5.46606424551347,50,50,50,50,0,50,0,50,50,0,45.5250915399743,28.613822281549,19.855636687122,0,0,0,2.89350137712922,0,0,0,50,44.5263763061609,50,50,0,29.4774250326123,30,30,0,10.8002632730521,23.0040642294782,30,19.0359833490232,30,0,30,30,11.7945705240502,5.88817405491889,30,8.24442296920751,30,30,7.39825351291522,30,0,30,30,30,24.9814152158052,30,30,0.3,0,0,0,0,0,0,0,0,0.3,0.3,0.3,0.00766939621121698,0,0,0,0.00387558281619356,0.0816645074985434,0,0,0,0.283002243950543,0.3,0,0,0,0.3,0,-43
"37",50,39.6039267885007,11.7339073605745,1.10265860625795,50,50,50,50,0,50,0,50,50,0,50,27.8338461164637,12.0580817429929,0,0,0,0,0,0,4.24312835082131,50,42.1120759265821,50,50,0,29.892180031682,30,30,0,7.28834299541314,21.7990674117617,30,12.2383736035045,30,0,30,30,7.6876535777589,10.7983491286514,30,14.4712764723986,27.7554645054783,30,9.16604294062192,30,0,30,30,30,29.5680208734912,30,30,0.3,0,0.0400190096968414,0,0,0,0,0,0,0.3,0.3,0.3,0.00937410331288267,0,0,0,0,0.0152265666801017,0,0,0,0.210715120771778,0.3,0,0,0,0.3,0,-38.4
"38",50,50,33.1646340825463,0,50,50,50,50,0,50,0,50,50,0,36.005630805031,32.3180169034105,16.9659780129807,0,0,0,0,0,0,4.04936446887956,50,28.8975639409175,50,50,0,30,30,30,0,4.31320715402522,30,30,9.91728681201677,30,0,30,30,12.3605210770474,16.1244577888443,30,20.0159504230162,30,30,4.50114541251515,30,0,30,30,30,27.3180596171072,30,30,0.3,0,0.0544704356150431,0,0,0,0,0,0,0.3,0.3,0.3,0,0,0,0,0,0.0869955536704097,0,0,0,0.154734819560095,0.3,0,0,0,0.3,0,-43.9
"39",50,50,26.2070518287723,3.66347954545082,50,50,50,50,0,50,0,50,50,0,47.0000326318086,37.6844532384746,13.5334872754325,0,0,0,0,0,0,6.19601283138812,50,36.182017120851,50,50,0,29.9240644149786,30,30,0,5.36296596365753,29.1688766838135,30,10.0688056662853,30,0,30,30,15.3894379664005,17.3038280879406,30,21.5981355090639,30,30,4.09322696906626,30,0,30,30,30,29.6138458912347,30,30,0.3,0,0.0817050223895641,0,0,0,0,0,0,0.3,0.3,0.3,0,0,0,0,0,0.0699832663244044,0,0,0,0.130380969974513,0.3,0,0,0,0.3,0,-41.6
"40",50,34.5429701559591,25.2377985207659,7.19363002306303,50,50,50,50,0,50,0,50,49.2285252033873,0,38.6400699306633,27.8554104104089,20.6405850315044,0,0,0,7.58611791005467,0,0,2.3992284949093,50,33.714451335364,50,50,0,29.8775134273535,30,30,0,6.39171882707927,22.0720787427954,30,14.8879701433346,30,0,30,30,12.872929524292,12.4712456711745,30,14.1561444354512,30,30,4.37579892752915,30,0,30,30,30,28.0847676010246,30,30,0.299229828755646,0,0.0647822483936711,0,0,0,0,0,0,0.3,0.3,0.3,0.00410557103963982,0,0,0,0,0.102657147663992,0,0.000622889476959769,0,0.204194043126934,0.3,0,0,0.0286247786636455,0.3,0,-46.1
"41",50,50,26.3141693219969,3.87344157198491,50,50,50,50,0,50,0,50,50,0,48.8917116440371,38.0447650323751,11.1521520161732,0,0,0,0,0,0,6.79835287940824,50,34.818298940888,50,50,0,29.950735621299,30,30,0,4.89789052325809,30,30,7.89316807662895,30,0,30,30,14.2118124909953,20.4632363818139,30,23.9333740252195,30,30,4.25315495185772,30,0,30,30,30,29.6319702616834,30,30,0.3,0,0.0854943678244926,0,0,0,0,0,0,0.3,0.3,0.3,0.000394168292197008,0,0,0,0,0.0332859622416037,0,0,0,0.114655823949619,0.3,0,0,0,0.3,0,-40.3
"42",50,46.0349191414059,18.2602668898328,1.49830519028443,50,50,50,50,0,50,0,50,50,0,50,30.8695355241473,10.7094894681395,0,0,0,0,0,0,4.36494557037084,50,37.7741306564603,50,50,0,29.4252380208823,30,30,0,6.41548006933643,25.5546046357918,30,9.39211975983852,30,0,30,30,9.30808558494266,14.7327154619893,30,17.991717601312,27.8563253174536,30,7.47115245453728,30,0,30,30,30,28.8733900633454,30,30,0.3,0,0.0553743002070142,0,0,0,0,0,0,0.3,0.3,0.3,0.00796592720824792,0,0,0,0,0.0169297073286173,0,0,0,0.183029466775017,0.3,0,0,0,0.3,0,-39.1
"43",50,47.6591756104551,31.6856353284677,1.66334170627789,50,50,50,50,0,50,0,50,50,0,43.0228971447953,31.5795483298118,19.1285522268792,0,0,0,0,0,0,0.624888364698427,50,32.3708234321567,50,50,0,29.8611305057281,30,30,0,2.4923598417905,27.6948044582468,30,9.04691709101208,30,0,30,30,12.9721195530268,14.3635211809917,30,15.9881365655029,30,30,5.15101067010574,30,0,30,30,30,27.0118556254562,30,30,0.3,0,0.0394448584167859,0,0,0,0,0,0,0.3,0.3,0.3,0.00263731136481969,0,0,0,0,0.0814703508244995,0,0,0,0.200122796715349,0.3,0,0,0.00404318532234566,0.3,0,-44.2
"44",50,50,16.9769715113875,2.95253807567929,50,50,50,50,0,50,0,50,50,0,50,30.4274121726117,7.95577138918367,0,0,0,0,0,0,5.13166519718214,50,37.288952107002,50,50,0,29.1340107515132,30,30,0,7.78832805402809,30,30,5.60703094642437,30,0,30,30,9.14049140570848,16.2036979613983,30,19.7052498523868,28.4800988347429,30,8.82360899190967,30,0,30,30,30,28.455473160613,30,30,0.3,0,0.0564626958472595,0,0,0,0,0,0,0.3,0.3,0.3,0.00863928631282391,0,0,0,0.000292164896717297,0,0,0.0001199877165928,0,0.170029812608496,0.3,0,0,0,0.3,0,-37.9
"45",50,46.245380330097,25.0879189554733,0.757217766593672,50,50,50,50,0,50,0,50,50,0,46.7283510254275,31.792438126807,13.9975610517681,0,0,0,0,0,0,5.69875639756828,50,34.7321745179086,50,50,0,29.8306997396804,30,30,0,5.0024402094048,26.243067573208,30,9.59849337105003,30,0,30,30,11.457681377308,15.6842725926699,30,18.4486843840481,29.817244462039,30,6.09451121113525,30,0,30,30,30,28.4092328460031,30,30,0.3,0,0.0582049287501478,0,0,0,0,0,0,0.3,0.3,0.3,0.0015361233664642,0,0,0,0.000494302951416097,0.0572274336959144,0,0,0,0.172016703906546,0.3,0,0,0,0.3,0,-41.2
"46",50,49.6700912668514,32.2928699484501,4.1619521803384,50,50,50,50,0,50,0,50,50,0,40.3743436759278,34.9614721830359,14.672911539904,0,0,0,0,0,0,6.52914184658431,50,34.500189565626,50,50,0,30,30,30,0,3.87780013005601,29.0652159611528,30,14.5310059514176,30,0,30,30,14.62965681299,18.2624867759355,30,22.2152413297224,30,30,5.3859227629068,30,0,30,30,30,26.4649352823252,30,30,0.3,0,0.0777595430874719,0,0,0,0,0,0,0.3,0.3,0.3,0,0,0,0,0,0.0991674918030006,0,0,0,0.175657649987795,0.3,0,0,0,0.3,0,-40.5
"47",50,46.1926367750108,22.1187286241512,1.80517670220434,50,50,50,50,0,50,0,50,50,0,48.7397658416926,30.944119701221,14.3577641340342,0,0,0,0,0,0,4.53741493160537,50,35.7530156189336,50,50,0,29.553161237263,30,30,0,6.32320008817248,24.6590411660288,30,10.7736010005251,30,0,30,30,10.153588925915,14.4955375304562,30,17.0529834342713,29.5300496456418,30,6.5460422615895,30,0,30,30,30,28.3820372276727,30,30,0.3,0,0.0576970660182072,0,0,0,0,0,0,0.3,0.3,0.3,0.00372805368180795,0,0,0,0,0.0456982641298341,0,0,0,0.18587625227538,0.3,0,0,0,0.3,0,-40.9
"48",50,50,27.3319669366309,4.9539460739179,50,50,50,50,0,50,0,50,50,0,45.8242105052932,35.8167998654531,17.5135096694457,0,0,0,0,0,0,9.70682255867258,50,33.7281988124932,50,50,0,30,30,30,0.640163148699114,3.42820220331942,28.6160954468437,30,12.2078439679617,30,0,30,30,13.6144974296005,19.204099957744,30,22.7616860338391,30,30,2.77464209037833,30,0,30,30,30,29.4938222920123,30,30,0.3,0,0.113772511515985,0,0,0,0,0,0,0.3,0.3,0.3,0.000445983217282507,0,0,0,0,0.10281646290284,0,0,0,0.133039266564169,0.3,0,0,0.0131887171168651,0.3,0,-42.8
"49",50,37.4409347728832,10.0258115932873,3.36136614739957,50,50,50,50,0,50,0,50,50,0,50,26.8618863186336,11.7245439722145,0,0,0,0,0,0,2.16864564582487,50,41.9255843459192,50,50,0,29.5455611929962,30,30,0,8.71901988642399,20.7913952330647,30,12.694705258138,30,0,30,30,6.57798446068722,10.4021928771699,30,13.6522808084614,27.8025861839603,30,8.41874495298698,30,0,30,30,30,29.8699770142195,30,30,0.3,0,0.0419291250212674,0,0,0,0,0,0,0.3,0.3,0.3,0.00728001757754683,0,0,0,0,0.0037228583447743,0,0,0,0.223268049463257,0.3,0,0,0,0.3,0,-40.6
"50",50,49.3129778881046,32.6249644977312,1.80499298666878,50,50,50,50,0,50,0,50,50,0,40.4170619548205,34.6254964068615,15.1076751175158,0,0,0,0,0,0,6.29054984491692,50,30.9562483023234,50,50,0,29.9383629862206,30,30,0,4.6292548602317,28.8142855979451,30,8.38230950899654,30,0,30,30,13.0051024890092,18.3275571136299,30,20.63209735595,30,30,5.33967304857877,30,0,30,30,30,26.7208259236467,30,30,0.3,0,0.0727460812859513,0,0,0,0,0,0,0.3,0.3,0.3,0.00150262002532769,0,0,0,0.000370874122312822,0.0734037594355957,0,0,0,0.151667054367327,0.3,0,0,0,0.3,0,-42.5
"51",50,50,20.5806723092485,0.746572680843208,50,50,50,50,0,50,0,50,50,0,50,34.7911390723699,8.02800411159964,0,0,0,0,0,0,6.42901314130035,50,35.0524985277155,50,50,0,30,30,30,0,3.59982736783113,30,30,5.3139953871998,30,0,30,30,11.8506775543459,20.1586564784144,30,23.4362033935196,30,30,3.46768428387151,30,0,30,30,30,27.3285790082582,30,30,0.3,0,0.0725377510884564,0,0,0,0,0,0,0.3,0.3,0.3,0.00366023088334394,0,0,0,0,0.0323639541500305,0,0,0,0.133504154380471,0.3,0,0,0,0.3,0,-40.9
"52",50,49.7624162791407,21.1762499522409,5.18860095593184,50,50,50,50,0,50,0,50,50,0,50,38.6407992983795,10.9067841039808,0,0,0,0,0,0,6.80054318909439,50,39.423926493688,50,50,0,29.7584095274972,30,30,0,8.5076705710375,27.5814398047572,30,9.72695176596541,30,0,30,30,12.2507198122394,17.4102263786292,30,21.2553662368701,30,30,6.31248258305936,30,0,30,30,30,29.5604262549215,30,30,0.299405355239697,0,0.0849622683132579,0,0,0,0,0,0,0.3,0.3,0.3,0.00452490144784744,0,0,0,0,0.0160717242531539,0,0.000141284193912345,0,0.154963170428026,0.299907839810574,0,0,0.00353573707419592,0.3,0,-39.9
"53",50,43.2871204801969,26.8212293753126,0,50,50,50,50,0,50,0,50,50,0,41.8284225033653,31.4079694772168,15.1751708446174,0,0,0,0.807256418818466,0,0,3.00514290198367,50,35.2171810907943,50,50,0,30,30,30,0,3.93469018726829,24.7321736862147,29.7333783136675,11.0539977481694,30,0,30,30,10.9202726266352,14.1985160766434,30,15.715358768969,30,30,6.95467570522601,30,0,30,30,30,28.8801569374043,30,30,0.3,0,0.0392761127633643,0,0,0,0,0,0,0.3,0.3,0.3,0.00104731520889344,0,0,0,0.00285401146515563,0.076765184305212,0,0,0,0.201334383448882,0.3,0,0,0.0106735525629201,0.3,0,-43.3
"54",50,49.0441347867359,22.1031158119017,3.66029473444873,50,50,50,50,0,50,0,50,50,0,49.2709596697821,33.2359274953856,15.4880763508628,0,0,0,0,0,0,5.15243650965104,50,36.5382573775767,50,50,0,30,30,30,0,6.46759800335384,26.3610784099219,30,9.92812778266252,30,0,30,30,11.4569727104854,17.0980134815468,30,20.1477107465722,29.2702651563968,30,5.53929798589342,30,0,30,30,30,29.2307542407869,30,30,0.3,0,0.0747065328070271,0,0,0,0,0,0,0.3,0.3,0.3,0.00157773942947042,0,0,0,0,0.0382915864618065,0,0,0,0.157639011202142,0.3,0,0,0,0.3,0,-40
"55",50,50,23.2219975198653,0,50,50,50,50,0,50,0,50,50,0,50,36.7788415574946,3.3362854289697,0,0,0,0,0,0,7.56381547339998,50,30.4732300866289,50,50,0,30,30,30,0,5.89631647108443,30,30,1.1407104711067,30,0,30,30,15.8418889329155,23.2888595849351,30,30,30,30,4.58618716001372,30,0,30,30,30,26.1879320497351,30,30,0.3,0,0.0668900298324767,0,0,0,0,0,0,0.3,0.3,0.3,0,0,0,0,0.00246622020998901,0,0,0,0,0.0626550511743355,0.3,0,0,0,0.3,0,-44.3
"56",49.1532805247608,34.8038688749321,32.0627069557124,5.68663205932707,50,50,50,49.8197641742416,0,50,0,50,50,0,31.3706778722977,28.5936912203384,24.6605206709372,0,0,0,12.7229450249441,0,0.00212220562581396,4.23270331530977,50,31.113340663031,50,50,0,30,30,30,0,6.67732535443171,22.0589762840245,30,14.8589351172086,30,0,30,30,10.8648304580905,12.5229755240218,30,13.062453428918,29.7880507064151,30,5.45147357019131,30,0,29.4464240184841,30,30,27.0566545956282,29.3253762796369,30,0.299389266896052,0,0.0570449955779125,0,0,0,0,0.00621043180066384,0,0.3,0.3,0.3,0.0016249447204027,0,0,0,0.00324379336588204,0.133341728428518,0,0,0,0.203701283313884,0.3,0,0,0.0581306819137175,0.3,0,-44.5
"57",50,49.8261435530356,28.3849318451155,0.605777973331887,50,50,50,50,0,50,0,50,50,0,45.2635081222988,33.1831572629981,13.9510255457066,0,0,0,0,0,0,5.43036939834715,50,33.1433473664407,50,50,0,29.8740755434265,30,30,0,4.1226210879196,28.8968302882001,30,8.31064380123982,30,0,30,30,11.5900460111501,16.8595852100109,30,19.3241611916245,29.9499082591016,30,5.86278756450009,30,0,30,30,30,27.749832368132,30,30,0.3,0,0.0578952196878305,0,0,0,0,0,0,0.3,0.3,0.3,0.00300637024367948,0,0,0,0.00265079727182639,0.0492760787134989,0,0,0,0.167992700551384,0.3,0,0,0,0.3,0,-41
"58",50,48.7124074656921,30.5610926121541,0.444939528041889,50,50,50,50,0,50,0,50,50,0,42.5112403549344,34.2593174021714,15.0032680516937,0,0,0,0,0,0,5.61219642175287,50,34.0490149903237,50,50,0,30,30,30,0,4.94084061925539,28.0977432526264,30,9.04913566338089,30,0,30,30,12.2223398079238,16.5960202409273,30,19.3987031565784,30,30,4.46128344656324,30,0,30,30,30,28.2971648049704,30,30,0.3,0,0.0585870137341895,0,0,0,0,0,0,0.3,0.3,0.3,0.00149829146058302,0,0,0,0,0.0649370371771918,0,0,0,0.1615100112977,0.3,0,0,0,0.3,0,-43.2
"59",50,50,28.7757349550128,0.211820552544058,50,50,50,50,0,50,0,50,50,0,44.7066794080572,33.0354497500937,11.525623484134,0,0,0,0,0,0,6.50662048633885,50,32.0578843855237,50,50,0,29.883140954682,30,30,0,4.08598819131455,29.2098188036799,30,6.72091902063236,30,0,30,30,12.5559743531445,19.0265110796297,30,20.5316654057995,30,30,7.14423820871219,30,0,30,30,30,26.6757539144793,30,30,0.3,0,0.0749531713010581,0,0,0,0,0,0,0.3,0.3,0.3,0.00269805264513894,0,0,0,0,0.0461476327835905,0,0,0,0.14735430029761,0.3,0,0,0,0.3,0,-43.2
"60",48.9172957866568,50,28.2465613279315,2.93661265270462,49.8219817671151,50,50,50,0,50,0,50,50,0,44.6459761836182,37.0346206751114,13.7262895363557,0,0,0,0,0,0,6.37838409591051,49.9358856059642,34.3231546426526,50,50,0,30,30,30,0,3.10989855390467,30,30,8.03990936979637,30,0,30,29.9884029450026,13.2012103048088,19.0733244270005,30,21.2839516320193,28.4145999688188,30,4.10783502711141,30,0,30,30,30,29.7340912258491,30,30,0.297143265001412,0.000290063239287996,0.0807683866814097,0.010068096234148,0,0,0,0,0,0.3,0.3,0.3,0.00172923959775592,0,0,0,0,0.0493467413377647,0,0,0,0.153686432219421,0.3,0,0,0,0.3,0,-41
