"","accuracy","NA","NA","NA","NA","NA","NA","NA","NA","NA","NA","NA","NA","NA","NA","NA","NA","NA","NA","NA","NA","NA","NA","NA","NA","NA","NA","NA","NA","NA","NA","NA","NA","NA","NA","NA","NA","NA","NA","NA","NA","NA","NA","NA","NA","NA","NA","NA","NA","NA","NA","NA","NA","NA","NA","NA","NA","NA","NA","NA","NA","NA","NA","NA","NA","NA","NA","NA","NA","NA","NA","NA","NA","NA","NA","NA","NA","NA","NA","NA","NA","NA","NA","NA","NA"
"1",50,45.6958938511539,17.0590176772262,3.10131496317063,50,50,50,50,0,50,0,50,50,0,50,30.5796269009439,11.3707285897984,0,0,0,0,0,0,5.15233312000968,50,37.9854788948768,50,50,0,29.7464673408704,30,30,0,6.60060224199185,25.8189157105215,30,9.57129102575739,30,0,30,30,10.1666363550155,15.5351913597993,30,19.603301170283,28.9067596888351,30,6.71293205282709,30,0,30,30,30,28.9101810262064,30,30,0.3,0,0.0728073882550924,0,0,0,0,0,0,0.3,0.3,0.3,0.00605939457532864,0,0,0,0,0.0186410276283366,0,0,0,0.167220335599616,0.3,0,0,0,0.3,0,-39.3
"2",50,42.0432264037423,14.1264850997085,3.40311924160781,50,50,50,50,0,50,0,50,50,0,50,28.4082801292957,12.6174466645853,0,0,0,0,0,0,4.16310005004865,50,39.3009228866482,50,50,0,29.7519784448481,30,30,0,6.89852415135541,22.8232185512072,30,12.7625420837174,30,0,30,30,8.5494469613986,12.8056531469054,30,15.4660194822372,28.8772611259092,30,6.97205438708506,30,0,30,30,30,29.7444843422173,30,30,0.3,0,0.0499700060506929,0,0,0,0,0,0,0.3,0.3,0.3,0.00704791992756469,0,0,0,0,0.0188874276065924,0,0,0,0.201861525958127,0.3,0,0,0,0.3,0,-38.6
"3",50,42.6937432655965,9.715324263045,3.9900893282065,50,50,50,50,0,50,0,50,50,0,50,25.4564011089664,11.1921694289773,0,0,0,0,0,0,3.83744079052211,50,41.515021279734,50,50,0,29.7269533408558,30,30,0,7.59001123608746,22.509371059299,30,10.7078501057866,30,0,30,30,7.63851719050387,11.9986101252437,30,16.2751265960068,28.0097392630088,30,8.63685995325115,30,0,30,30,30,29.185216760634,30,30,0.3,0,0.0603891757242409,0,0,0,0,0,0,0.3,0.3,0.3,0.0102174581122786,0,0,0,0,0.00956315943538865,0,0,0,0.203092116218485,0.3,0,0,0,0.3,0,-38.6
"4",50,39.6295320280054,10.0729979505603,3.79969267750824,50,50,50,50,0,50,0,50,50,0,50,23.566687486041,12.0544602139566,0,0,0,0,0,0,2.99849368387077,50,41.0510627402531,50,50,0,29.6417274521303,30,30,0,8.10861076075329,20.5034499699127,30,10.6228851885114,30,0,30,30,6.20318147669028,10.6698408244557,30,14.6817998821877,27.9002276181891,30,9.13677232003541,30,0,30,30,30,28.8920962562798,30,30,0.3,0,0.0505232914073842,0,0,0,0,0,0,0.3,0.3,0.3,0.0115607670280887,0,0,0,0,0.00766315955720302,0,0,0,0.224549227687395,0.3,0,0,0,0.3,0,-40
"5",50,41.5420761120565,10.2612832783894,3.86988813537694,50,50,50,50,0,50,0,50,50,0,50,25.0014395296382,12.3138495286345,0,0,0,0,0,0,3.35645731136714,50,41.7400435433513,50,50,0,29.8772242213593,30,30,0,7.5091849117128,21.7653727873514,30,11.3795884104427,30,0,30,30,7.74647245388801,11.447188317681,30,15.6238223606156,28.0964464980024,30,8.17707493482595,30,0,30,30,30,29.269285309352,30,30,0.3,0,0.0562429216237743,0,0,0,0,0,0,0.3,0.3,0.3,0.00978835714285402,0,0,0,0,0.0100719645021406,0,0,0,0.207435567135193,0.3,0,0,0,0.3,0,-37.9
"6",50,45.8413159391359,17.9012768199523,4.02242673443184,50,50,50,50,0,50,0,50,50,0,50,29.2390001290763,13.4381811055827,0,0,0,0,0,0,4.33177233600469,50,38.7594255402301,50,50,0,29.9343415231771,30,30,0,6.80831453391213,25.1140356436335,30,10.1354766106995,30,0,30,30,10.5224945244287,14.2885967020098,30,18.1249870028697,28.6551960486541,30,6.81836771057753,30,0,30,30,30,28.6717389257225,30,30,0.3,0,0.0658897712334348,0,0,0,0,0,0,0.3,0.3,0.3,0.00672663950838849,0,0,0,0,0.0280048049311101,0,0,0,0.179646082716805,0.3,0,0,0,0.3,0,-39.5
"7",50,35.5513901432684,25.924863928713,1.3409713677332,50,50,50,50,0,50,0,50,50,0,50,28.724854699898,19.1294018633646,0,0,0,0,0,0,0.868144986320292,50,30.0604667052869,50,50,0,29.9748318149589,30,30,0,4.77689513573668,20.8168534603911,30,12.3926438001696,30,0,30,30,8.67185601905583,10.660181579402,30,12.533022684338,29.5382663133634,30,6.21234178823573,30,0,30,30,30,27.7661282708381,30,30,0.3,0,0.0501816886088265,0,0,0,0,0,0,0.3,0.3,0.3,0.00426427201058443,0,0,0,0,0.0240497152936814,0,0,0,0.232136961801548,0.3,0,0,0,0.3,0,-42.2
"8",50,44.4789676203861,14.6273111178391,3.35885517417884,50,50,50,50,0,50,0,50,50,0,50,28.4895658464343,12.5940419139795,0,0,0,0,0,0,4.10586955500993,50,39.398328155174,50,50,0,29.9037454481797,30,30,0,7.04727254187506,24.0962046801661,30,10.5690295085476,30,0,30,30,9.82867654120856,13.7986389042701,30,17.7921789454423,28.405593093225,30,7.43064608533884,30,0,30,30,30,28.6163858755307,30,30,0.3,0,0.0607523736828963,0,0,0,0,0,0,0.3,0.3,0.3,0.00811962372334506,0,0,0,0,0.0182935555479399,0,0,0,0.186909927325393,0.3,0,0,0,0.3,0,-36.6
"9",50,42.4192532954116,11.476767465677,3.62526220100407,50,50,50,50,0,50,0,50,50,0,50,25.6413387082412,12.1968685452454,0,0,0,0,0,0,3.66163659834346,50,41.0556408642264,50,50,0,29.772737801775,30,30,0,7.36151236447843,22.3725761641297,30,11.0259522706024,30,0,30,30,7.97678903250709,11.9548519905935,30,16.0041005632878,28.0858397821656,30,8.27890535320776,30,0,30,30,30,29.0739685541418,30,30,0.3,0,0.05688449446333,0,0,0,0,0,0,0.3,0.3,0.3,0.00975711486082484,0,0,0,0,0.00935306381665349,0,0,0,0.205050525780358,0.3,0,0,0,0.3,0,-38.4
"10",50,38.0873965252395,12.0780199358767,5.65371902655359,50,50,50,50,0,50,0,50,50,0,43.1122117687998,23.5682620144846,16.305651975255,0,0,0,0,0,0,2.92596163500146,50,40.5060500386207,50,50,0,29.9174263035755,30,30,0,8.49792336588999,19.9200237947826,30,13.9111863942794,30,0,30,30,7.83528436089168,9.46728878062859,30,13.9658637449762,27.3502613334114,30,7.32023776465409,30,0,30,30,30,28.4134221077506,30,30,0.3,0,0.0610457105547411,0,0,0,0,0,0,0.3,0.3,0.3,0.0108512996123626,0,0,0,0.000141396216324626,0.0448579405589598,0,0,0,0.219895437034092,0.3,0,0,0,0.3,0,-37.3
"11",50,44.3872421748228,16.8594433173338,3.91308606630449,50,50,50,50,0,50,0,50,50,0,50,29.4316492681863,13.6857471070882,0,0,0,0,0,0,4.61626922350216,50,39.5628850810301,50,50,0,30,30,30,0,6.01527666511147,25.0336268198464,30,10.8198510358016,30,0,30,30,11.1153029175198,14.3827883275892,30,18.6303453826098,28.5356206340074,30,6.20571997127608,30,0,30,30,30,28.8255840326254,30,30,0.3,0,0.06837842115019,0,0,0,0,0,0,0.3,0.3,0.3,0.00670623133113557,0,0,0,0,0.0205782909224339,0,0,0,0.168928649919076,0.3,0,0,0,0.3,0,-39.3
"12",50,37.4298326297004,12.0868472264704,2.22552088319826,50,50,50,50,0,50,0,50,50,0,50,24.3466423958962,13.1092521646281,0,0,0,0,0,0,1.78080645278395,50,37.1417474994893,50,50,0,29.7248089235042,30,30,0,7.31683943314955,20.0689207655344,30,10.45946511091,30,0,30,30,3.716013233635,10.1294546245265,30,12.5953875814142,26.8166505721987,30,9.63957048763038,30,0,30,30,30,28.2711281646044,30,30,0.3,0,0.0277787553481132,0,0,0,0,0,0,0.3,0.3,0.3,0.0115588021898345,0,0,0,0,0.0114564289428534,0,0,0,0.23963642276045,0.3,0,0,0,0.3,0,-40.8
"13",50,43.3563417809889,32.0384595755287,3.20424141738266,50,50,50,50,0,50,0,50,50,0,34.3824882583028,33.1105348432859,20.4993694703205,0,0,0,0.475104036387232,0,0,5.30604513133397,50,31.2342112894699,50,50,0,30,30,30,0,6.17295814338422,26.9748610018105,30,11.0145918179618,30,0,30,30,8.89058748061613,16.727775173402,30,16.022109653578,30,30,6.22740664328781,30,0,30,30,30,27.5371952040076,30,30,0.299896057465017,0,0.0571942154926207,0,0,0,0,0,0,0.3,0.3,0.3,0.00159274078683923,0,0,0,0,0.0944640515257675,0,0,0,0.174528084620973,0.3,0,0,0.00552661185170284,0.3,0,-39.6
"14",50,49.7632100182497,34.2600372040796,1.10928575015115,50,50,50,50,0,50,0,50,50,0,36.2693698367222,31.7408920136335,15.0712206188291,0,0,0,1.05285009690474,0,0,5.22430509400837,50,28.5862796752919,50,50,0,30,30,30,0,4.42520196986282,28.8259596524553,30,7.96001469777229,30,0,30,30,10.2197047941616,16.4097853091282,30,18.2100120956299,29.8119867028584,30,7.45630921819102,30,0,30,30,30,26.4783649088469,30,30,0.3,0,0.0644737673222055,0,0,0,0,0,0,0.3,0.3,0.3,0.000516556541516867,0,0,0,0,0.0868129410662145,0,0,0,0.185357070868703,0.3,0,0,0,0.3,0,-42.4
"15",50,48.6062858428515,18.5910802795665,0.920604241787039,50,50,50,50,0,50,0,50,50,0,50,31.5494143022823,9.34960839710947,0,0,0,0.221838656573656,0,0,6.57034919863272,50,37.9936096752617,50,50,0,29.7976816043919,30,30,0,5.33559546423697,28.0527699426896,30,8.0869766263363,30,0,30,30,10.6676071253703,16.6642057931596,30,20.3813423093083,28.9002623409916,30,6.99456133650239,30,0,30,30,30,29.2294221440579,30,30,0.3,0,0.0652981976859305,0,0,0,0,0,0,0.3,0.3,0.3,0.00553361341879772,0,0,0,0,0.0100270961553777,0,0,0,0.163843311588177,0.3,0,0,0,0.3,0,-42
"16",50,42.4498108509732,8.51447197499465,5.46529595864847,50,50,50,50,0,50,0,50,50,0,50,23.1625893994855,12.532304093373,0,0,0,0,0,0,3.34371409711158,50,41.9734802822788,50,50,0,29.7946088798916,30,30,0,8.2492984912048,21.7550050571377,30,11.3589043678825,30,0,30,30,8.28137718272644,11.0243876151166,30,15.7707748526175,27.5320005123252,30,8.66855636654925,30,0,30,30,30,29.1275655558407,30,30,0.3,0,0.0599240536028608,0,0,0,0,0,0,0.3,0.3,0.3,0.0116080692737664,0,0,0,0,0.0127375293095239,0,0,0,0.20959688242628,0.3,0,0,0,0.3,0,-38.2
"17",50,41.7042893223282,11.0091857928477,3.45858782642723,50,50,50,50,0,50,0,50,50,0,50,25.462682281144,11.9068801386022,0,0,0,0,0,0,3.63832758474185,50,40.9569517447683,50,50,0,29.84466835823,30,30,0,7.5895688595254,22.2956455981844,30,10.785773014809,30,0,30,30,7.60683894071381,11.8373293550497,30,16.007792164729,28.0907799907339,30,8.33574202185992,30,0,30,30,30,29.2114947706351,30,30,0.3,0,0.0571025365555249,0,0,0,0,0,0,0.3,0.3,0.3,0.00993290091943138,0,0,0,0,0.0128141880671878,0,0,0,0.208204627009235,0.3,0,0,0,0.3,0,-38.5
"18",50,33.2824122877405,27.5595499309026,8.50691599966899,49.9440275879522,50,50,50,0,50,0,50,50,0,38.4573099271503,25.7156921466294,24.931307628408,0,0,0,10.5339680193472,0,0.111558208160104,1.09829564935414,50,30.0047971980382,50,50,0,28.5719840230914,30,30,0,6.54189685380879,21.1693184125076,30,14.6495437905005,30,0,30,30,10.1210877992929,12.0579052841854,30,13.2757243009647,30,30,6.14140278909635,30,0,30,30,30,27.1191284247473,30,30,0.3,0,0.0658797155772842,0,0,0,0,0,0,0.298821505943154,0.3,0.3,0,0,0,0.0015137448052764,0,0.119482055096821,0,0.0171454121961736,0,0.195925589328991,0.3,0,0,0.0354466288620796,0.3,0,-44.6
"19",50,44.5985429499089,14.4533041196896,4.41715719459653,50,50,50,50,0,50,0,50,50,0,47.074030464821,27.3675194920823,13.7058712519204,0,0,0,0.327720178795951,0,0,4.48424313266573,50,40.0479597063682,50,50,0,29.7327122829882,30,30,0,7.13072745905441,23.9192631015812,30,11.0485348300079,30,0,30,30,10.512373433684,13.3519941432965,30,17.8765779957864,27.7023992570352,30,7.0160511202607,30,0,30,30,30,28.1826296327429,30,30,0.3,0,0.0692120008996606,0,0,0,0,0,0,0.3,0.3,0.3,0.00929719666338218,0,0,0,0,0.0349083333205496,0,0,0,0.183340646730914,0.3,0,0,0,0.3,0,-37.7
"20",50,44.0273924790909,11.5867591588411,3.91153660379374,50,50,50,50,0,50,0,50,50,0,50,26.2698359485708,14.0553717866092,0,0,0,0,0,0,4.08391134286754,50,34.8576979568735,50,50,0,29.9317571633708,30,30,0,8.08744784034158,22.7181020770751,30,11.7761539396606,30,0,30,30,10.0808514741983,12.9992785313926,30,16.0808164151516,28.3566374626931,30,6.96721570250113,30,0,30,30,30,28.7595649797964,30,30,0.3,0,0.0684188092736975,0,0,0,0,0,0,0.3,0.3,0.3,0.00987761832601253,0,0,0,0,0.0171994564020251,0,0,0,0.187096118134985,0.3,0,0,0,0.3,0,-36.9
"21",50,39.7230347337694,10.8208678981759,1.6563348586473,50,50,50,50,0,50,0,50,50,0,50,24.9946235554332,9.87535210514813,0,0,0,0,0,0,3.30979654305713,50,40.0287264642778,50,50,0,29.6907497006743,30,30,0,8.05846533296068,21.7575712013105,30,9.73394229272281,30,0,30,30,5.06601490701309,11.3328357549487,30,14.7108310343667,27.875523600879,30,10.0448125996603,30,0,30,30,30,29.0978652096154,30,30,0.3,0,0.0443589430591708,0,0,0,0,0,0,0.3,0.3,0.3,0.0102955249727191,0,0,0,0,0.0109003084667038,0,0,0,0.22992299304353,0.3,0,0,0,0.3,0,-40.1
"22",50,36.8985981621446,1.63306305712783,3.70493454433473,50,50,50,50,0,50,0,50,50,0,49.6614308787432,2.45903384803092,29.4996449335756,0,0,0,0,0,0,5.62567870569781,50,48.3228499147868,50,50,0,29.9869897204637,30,30,0,11.6190923050881,13.924917639374,30,20.7888185982718,30,0,30,30,0.583764737071269,1.29680854386266,30,1.52872967143985,30,30,15.1104504692274,30,0,30,30,30,29.9223922853164,30,30,0.3,0,0.00533346061401848,0,0,0,0,0,0,0.3,0.3,0.3,0.0141441543433704,0,0,0,0,0.030339912466298,0,0,0,0.28965676891981,0.3,0,0,0,0.3,0,-41.5
"23",50,47.6766018559466,18.2581214191523,3.4801002815716,50,50,50,50,0,50,0,50,50,0,50,29.9620942923749,13.8347346825847,0,0,0,0,0,0,5.37904143990702,50,39.2997875294136,50,50,0,30,30,30,0,5.36105920421894,25.7673249046137,30,10.2081665980657,30,0,30,30,10.0557836292146,14.5608461073483,30,18.9058373491126,28.5572864629073,30,7.19501360860794,30,0,30,30,30,28.955622355187,30,30,0.3,0,0.0699756789256864,0,0,0,0,0,0,0.3,0.3,0.3,0.00698072422197935,0,0,0,0,0.0282188767930197,0,0,0,0.17607413442434,0.3,0,0,0,0.3,0,-37.3
"24",50,44.1695095081078,15.1850081561117,2.5382159141766,50,50,50,50,0,50,0,50,50,0,50,27.38831748404,11.5012960728647,0,0,0,0,0,0,4.39773424158705,50,38.7876516131157,50,50,0,29.8077014772972,30,30,0,6.74202381982617,24.1772143304638,30,9.78555251074769,30,0,30,30,8.30704106693069,13.4657600860415,30,17.0514766619555,28.7361550899619,30,8.28458904712968,30,0,30,30,30,28.9011838448564,30,30,0.3,0,0.0586522097019205,0,0,0,0,0,0,0.3,0.3,0.3,0.00744415055103404,0,0,0,0,0.0144499105372823,0,0,0,0.196864699946798,0.3,0,0,0,0.3,0,-38.6
"25",50,33.4225007245717,5.64395614711921,0,50,50,50,50,0,50,0,50,50,0,50,15.603685459614,13.6260432956895,0,0,0,0,0,0,0,50,45.7561372862819,50,50,0,29.0697326886388,30,30,0,10.7811411884786,16.3989105195558,30,13.5832580017957,30,0,30,30,0,1.31862026698088,30,2.2475220593807,26.3902395115864,30,13.8864703351639,30,0,30,30,30,27.7443796242743,30,30,0.3,0,0,0,0,0,0,0,0,0.3,0.3,0.3,0.0173631800059393,0,0,0,0,0.0267414957651638,0,0,0,0.3,0.3,0,0,0,0.3,0,-46
"26",50,41.3387169292406,18.2905893264618,3.84995258695458,50,50,50,50,0,50,0,50,50,0,50,26.7067277139311,14.7174472587527,0,0,0,0,0,0,3.93312834286533,50,37.5920730127563,50,50,0,29.7593985785255,30,30,0,6.59246479689905,23.0842548389901,30,11.0337369546656,30,0,30,30,8.98214105720078,12.8841421112354,30,16.0955517957065,28.823577092058,30,7.17642922789084,30,0,30,30,30,28.7621463890923,30,30,0.3,0,0.0593429623905112,0,0,0,0,0,0,0.3,0.3,0.3,0.00671818455745255,0,0,0,0,0.0383585676871479,0,0,0,0.200415216797811,0.3,0,0,0.00219156441114885,0.3,0,-39.7
"27",50,43.9105126535764,10.1774267851337,3.24364379255532,50,50,50,50,0,50,0,50,50,0,50,24.0150332694473,12.0452517784567,0,0,0,0,0,0,3.07641957649075,50,40.8178597797606,50,50,0,30,30,30,0,7.70623360963004,20.8876157493663,30,11.6993935433988,30,0,30,30,6.40181065404703,10.3394748153142,30,14.019829591403,28.3087002954955,30,9.06600932204029,30,0,30,30,30,29.2847454194081,30,30,0.3,0,0.0467160265006445,0,0,0,0,0,0,0.3,0.3,0.3,0.00973959221233591,0,0,0,0,0.0115627370427616,0,0,0,0.22221742289127,0.3,0,0,0,0.3,0,-39.9
"28",50,41.013985565064,11.7749771441133,3.6070659958167,50,50,50,50,0,50,0,50,50,0,50,25.2236033047919,12.3483946975736,0,0,0,0,0,0,3.49379982705464,50,40.4043394681664,50,50,0,29.8965567087581,30,30,0,7.5862284271433,21.8512379040522,30,11.0827957463399,30,0,30,30,7.08341076646269,11.5213117532826,30,15.2599234084663,28.326479757818,30,8.49786703913176,30,0,30,30,30,29.1421298260348,30,30,0.3,0,0.0531377973819449,0,0,0,0,0,0,0.3,0.3,0.3,0.00949475137914741,0,0,0,0,0.0107535219196579,0,0,0,0.213577951672218,0.3,0,0,0,0.3,0,-37.7
"29",50,40.3674543766395,8.03461520343306,0.531098579587317,50,50,50,50,0,50,0,50,50,0,50,20.7550130607064,12.5161204207012,0,0,0,0,0,0,2.32872754321685,50,37.1311493128648,50,50,0,29.4857491206216,30,30,0,8.2015030997305,21.7307248041612,30,10.5051877267478,30,0,30,30,5.14141496517467,9.25485178310233,30,12.3707897601367,29.1081018145376,30,10.8873295376652,30,0,30,30,30,29.5713605983491,30,30,0.3,0,0.0388446096594396,0,0,0,0,0,0,0.3,0.3,0.3,0.00834733159687509,0,0,0,0,0.0198873657733565,0,0,0,0.247951552566488,0.3,0,0,0,0.3,0,-39.2
"30",50,46.6042970759524,21.7613425653832,3.05755068635304,50,50,50,50,0,50,0,50,50,0,50,31.8272178843005,12.7823790510998,0,0,0,0,0,0,6.8535779500359,50,35.3460640671641,50,50,0,29.876137222623,30,30,0,5.80311434518447,26.6266133014322,30,9.57133053428795,30,0,30,30,11.3336415623054,16.4271586839011,30,19.9815763805625,29.2756108038154,30,6.84022400190185,30,0,30,30,30,28.249618179442,30,30,0.3,0,0.0743169771079204,0,0,0,0,0,0,0.3,0.3,0.3,0.00431675050047776,0,0,0,0,0.0264995209674313,0,0,0,0.16357000417941,0.3,0,0,0,0.3,0,-39.7
"31",50,42.6771563153657,11.5162208737496,3.53119317999898,50,50,50,50,0,50,0,50,50,0,50,24.67758821253,11.3476029521932,0,0,0,0,0,0,4.01723615589744,50,41.2833713490366,50,50,0,29.7875329607807,30,30,0,7.08121083393299,22.5361909576974,30,10.4384425800846,30,0,30,30,9.28671874055112,12.2259144161687,30,16.2908014687592,27.9692490630817,30,8.93897997053888,30,0,30,30,30,28.8186251577075,30,30,0.3,0,0.0601788021522914,0,0,0,0,0,0,0.3,0.3,0.3,0.0102858592993285,0,0,0,0,0.0245941417516871,0,0,0,0.185473315119182,0.3,0,0,0,0.3,0,-36.9
"32",50,40.646207192832,8.83845365286461,4.22350609958943,50,50,50,50,0,50,0,50,50,0,50,24.6015760083774,13.3970390778324,0,0,0,0,0,0,3.38455601034894,50,42.5014414994408,50,50,0,29.7625742544385,30,30,0,7.64037015870698,21.3095839833335,30,12.1594131074804,30,0,30,30,8.36386004882424,11.2648681964966,30,15.3149694022513,27.3160006005037,30,8.10901606806756,30,0,30,30,30,29.2039479228873,30,30,0.3,0,0.0592537005065424,0,0,0,0,0,0,0.3,0.3,0.3,0.0116834546999374,0,0,0,0,0.017065381900219,0,0,0,0.207595193727935,0.3,0,0,0,0.3,0,-36
"33",50,42.6323938713938,15.9510310411418,3.49005356714187,50,50,50,50,0,50,0,50,50,0,50,27.5809097699,12.3061010663394,0,0,0,0,0,0,4.25364414398763,50,38.6311363342237,50,50,0,29.6226172914543,30,30,0,7.07117849811403,24.0945431116226,30,10.6795591918848,30,0,30,30,8.85016345987691,13.0947287482473,30,16.7028569647882,28.8757547148991,30,7.79447407152954,30,0,30,30,30,28.7814581799392,30,30,0.3,0,0.0597569178799609,0,0,0,0,0,0,0.3,0.3,0.3,0.00613429807536116,0,0,0,0,0.0263606076551173,0,0,0,0.193994165557149,0.3,0,0,0,0.3,0,-39.1
"34",50,41.0998116098114,9.41184145757731,3.33028301040244,50,50,50,50,0,50,0,50,50,0,50,25.0355650272868,10.5950739487496,0,0,0,0,0,0,2.97094460447852,50,41.892496049091,50,50,0,29.6403637214387,30,30,0,7.54434293872305,21.6565677643273,30,10.9174852484977,30,0,30,30,6.25032256232794,10.6051272732594,30,14.7717591730104,27.9119669311457,30,8.96839357919229,30,0,30,30,30,29.2624973000314,30,30,0.3,0,0.0529631607567278,0,0,0,0,0,0,0.3,0.3,0.3,0.00998876833712961,0,0,0,0,0.0121105496614417,0,0,0,0.213153724709224,0.3,0,0,0,0.3,0,-39.6
"35",50,45.0174198405885,11.3771740437803,3.1528321312936,50,50,50,50,0,50,0,50,50,0,50,27.0955451554563,10.8054299424976,0,0,0,0,0,0,4.18797664947833,50,40.6163851805555,50,50,0,29.9811602603284,30,30,0,6.72797013755988,23.9132796432789,30,9.54052376708175,30,0,30,30,8.77028775351296,13.4970825796505,30,17.7869407603609,27.4770890032953,30,8.24415943788043,30,0,30,30,30,29.1922544616442,30,30,0.3,0,0.0593355605135629,0,0,0,0,0,0,0.3,0.3,0.3,0.0100879907656764,0,0,0,0,0.00553395666321205,0,0,0,0.193487586634924,0.3,0,0,0,0.3,0,-38.3
"36",50,39.2001752689754,4.73835863211095,6.11007063457146,50,50,50,50,0,50,0,50,50,0,50,23.4112460904547,17.8865094938179,0,0,0,0,0,0,1.69042475415633,50,46.4274087737948,50,50,0,29.8786975399135,30,30,0,11.9260165870224,19.5371161861708,30,17.3844552383789,30,0,30,30,8.04540802712648,4.71465414379565,30,7.32156455606845,29.0896465915087,30,9.0429871589021,30,0,30,30,30,29.2651332479557,30,30,0.3,0,0.0213831609968404,0,0,0,0,0,0,0.3,0.3,0.3,0.0115203077307091,0,0,0,0,0.0164412209057326,0,0,0,0.262183393246995,0.3,0,0,0,0.3,0,-38.3
"37",50,42.658519486363,13.0011955678463,3.03484800507354,50,50,50,50,0,50,0,50,50,0,50,27.2760979610602,12.2632144299854,0,0,0,0,0,0,4.16910375509445,50,40.5661100764856,50,50,0,29.8451031962306,30,30,0,7.11355279549913,23.0944395165145,30,11.0706388988983,30,0,30,30,8.5899665138673,12.5250482361321,30,16.4968037133765,28.1989685307128,30,8.0834000019185,30,0,30,30,30,29.1347216279692,30,30,0.3,0,0.0572924082092938,0,0,0,0,0,0,0.3,0.3,0.3,0.00873082737281858,0,0,0,0,0.0108643278072429,0,0,0,0.197073968449154,0.3,0,0,0,0.3,0,-38.3
"38",50,44.4829549536345,17.6330668694888,2.5552809294392,50,50,50,50,0,50,0,50,50,0,50,27.7751871290227,13.7622146400042,0,0,0,0,0,0,4.09665658847866,50,37.7862995814826,50,50,0,29.7881711209428,30,30,0,6.65627828982351,24.6996858593208,30,10.7880482516705,30,0,30,30,9.18198734313975,13.2668291057686,30,16.8672460705776,28.7004750062377,30,7.35891181370875,30,0,30,30,30,28.6118690255295,30,30,0.3,0,0.0588526084485097,0,0,0,0,0,0,0.3,0.3,0.3,0.00670628339907657,0,0,0,0,0.0331833215284974,0,0,0,0.193286482158817,0.3,0,0,0,0.3,0,-39.4
"39",50,43.031183807706,20.2107327624453,2.56174576543062,50,50,50,50,0,50,0,50,50,0,49.3102986402211,29.8216150858716,13.2071672116366,0,0,0,0,0,0,4.11701257459032,50,36.94287942373,50,50,0,29.4402339990954,30,30,0,6.58998717201085,24.4100191793742,30,10.56678099318,30,0,30,30,9.32152113732515,13.409592867229,30,16.3969975146558,29.8286079859397,30,7.3598130930315,30,0,30,30,30,29.2328684878309,30,30,0.3,0,0.0540971302387104,0,0,0,0,0,0,0.3,0.3,0.3,0.00405276258034452,0,0,0,0,0.0342733938646475,0,0,0,0.196243826318204,0.3,0,0,0,0.3,0,-39
"40",50,41.5189266611693,13.218060014989,4.11690417104024,50,50,50,50,0,50,0,50,50,0,50,25.9360610855908,13.7195566093416,0,0,0,0,0,0,3.59018400356108,50,40.1474641649697,50,50,0,30,30,30,0,7.19790353952483,22.4193415558699,30,11.7626445267094,30,0,30,30,9.05868083144983,12.1007632914147,30,15.9222272685073,28.2759999826491,30,7.57196274376822,30,0,30,30,30,28.9103905818348,30,30,0.3,0,0.060617142906546,0,0,0,0,0,0,0.3,0.3,0.3,0.00902600486587593,0,0,0,0,0.00245119457182641,0,0,0,0.202403827872538,0.3,0,0,0,0.3,0,-38.2
"41",50,39.2046789487788,8.05601084253491,1.2824670562334,50,50,50,50,0,50,0,50,50,0,50,19.5753341959892,10.4944385116086,0,0,0,0,0,0,1.75234366251906,50,41.1964180524099,50,50,0,29.9088110963141,30,30,0,8.38946215887093,18.5928295914056,30,11.2537158131136,30,0,30,30,2.95949141201162,7.24097626142688,30,10.1763527041105,28.025344859625,30,12.0084186904775,30,0,30,30,30,29.339709852431,30,30,0.3,0,0.0216719629967021,0,0,0,0,0,0,0.3,0.3,0.3,0.0122363184673984,0,0,0,0,0.00608453405013606,0,0,0,0.261033612096148,0.3,0,0,0,0.3,0,-40.2
"42",50,41.2071997789191,11.9005841629824,2.19952091727244,50,50,50,50,0,50,0,50,50,0,50,24.8002484677668,10.5078157271861,0,0,0,0,0,0,3.12496611965892,50,39.9424817371079,50,50,0,30,30,30,0,7.58555553211277,21.8482224887717,30,10.2127138904439,30,0,30,30,5.67165772926777,11.2783826541503,30,14.4782456079934,28.6587869783719,30,9.72269207511217,30,0,30,30,30,29.8097114229892,30,30,0.3,0,0.0439794568706961,0,0,0,0,0,0,0.3,0.3,0.3,0.00870119032251161,0,0,0,0,0.00126639666531534,0,0,0,0.227396239524823,0.3,0,0,0,0.3,0,-39.7
"43",50,41.0000333160527,12.9136857151436,2.99352951005682,50,50,50,50,0,50,0,50,50,0,50,26.5174013141823,11.5443353063295,0,0,0,0,0,0,3.23857229856928,50,39.5601441733795,50,50,0,29.5348542297164,30,30,0,7.57613800671346,22.4394898112539,30,10.955808929642,30,0,30,30,7.23151615736239,12.4697095183795,30,16.0336383332491,29.2718931497428,30,8.61270171753371,30,0,30,30,30,29.4904399005286,30,30,0.3,0,0.056668220302533,0,0,0,0,0,0,0.3,0.3,0.3,0.00885066848387213,0,0,0,0,0.00331069070766263,0,0,0,0.204963534650992,0.3,0,0,0,0.3,0,-39.2
"44",50,50,20.2491969736415,3.48688941147827,50,50,50,50,0,50,0,50,50,0,50,33.5634644779468,5.65366468991702,0,0,0,0,0,0,6.0259664248097,50,35.1927618149039,50,50,0,29.2583109298203,30,30,0,7.87639482092164,30,30,3.25297083476058,30,0,30,30,9.95403243368311,18.7896938232281,30,22.069516254259,28.794729674148,30,8.8303713544504,30,0,30,30,30,28.1780629627146,30,30,0.3,0,0.0584502190428182,0,0,0,0,0,0,0.3,0.3,0.3,0.0076067721538809,0,0,0,8.13385945613673e-05,0.0152420020767216,0,7.24160882858519e-05,0,0.147225774542298,0.3,0,0,0,0.3,0,-36.4
"45",50,37.2779357733187,7.81407468258367,3.17427303379685,50,50,50,50,0,50,0,50,50,0,50,22.6636617706228,11.586180394345,0,0,0,0,0,0,2.52215849066064,50,41.5856078971725,50,50,0,29.3638683066901,30,30,0,8.32577099552956,19.5557459699629,30,11.6825849114176,30,0,30,30,4.99516836622567,9.39649795726648,30,12.8675799248859,28.3073730647461,30,10.0224526888859,30,0,30,30,30,29.4107756834138,30,30,0.3,0,0.0414934090036632,0,0,0,0,0,0,0.3,0.3,0.3,0.00981547921512473,0,0,0,0,0.00223784964244786,0,0,0,0.240087329805085,0.3,0,0,0,0.3,0,-39.4
"46",50,43.5749836215402,13.0791546496245,4.52737616520614,50,50,50,50,0,50,0,50,50,0,49.9284838430653,29.5091989316901,12.9456465004616,0,0,0,0,0,0,4.95811777632312,50,39.8885405551355,50,50,0,29.9320786863108,30,30,0,6.07661250954363,25.204441711005,30,12.1725656341209,30,0,30,30,10.6800631845671,14.8088420446056,30,19.5444951936089,28.2466841771543,30,6.71348177988255,30,0,30,30,30,28.7459184288234,30,30,0.3,0,0.0740991163575957,0,0,0,0,0,0,0.3,0.3,0.3,0.00759308382260796,0,0,0,0,0.0227719476069928,0,0,0,0.177843799461925,0.3,0,0,0,0.3,0,-37.4
"47",50,43.8915653950703,13.724787852571,3.4933388476203,50,50,50,50,0,50,0,50,50,0,50,29.0630457667898,11.5488722049503,0,0,0,0,0,0,5.33170275086337,50,40.3938286750353,50,50,0,30,30,30,0,6.57777948015765,24.8500286228719,30,9.92344655604149,30,0,30,30,10.5896580597674,14.9098001668822,30,19.1675158674269,27.942081795577,30,6.955304575654,30,0,30,30,30,29.6175294196317,30,30,0.3,0,0.0736837848701248,0,0,0,0,0,0,0.3,0.3,0.3,0.00925399400472923,0,0,0,0,0.0103821507530822,0,0,0,0.171182449842663,0.3,0,0,0,0.3,0,-39.1
"48",49.983952748443,44.1384320936831,17.4712527294874,3.66847983826881,50,50,50,50,0,50,0,50,50,0,50,28.4265442085285,13.1473393188304,0,0,0,0,0,0,5.80666476020624,50,38.7675280270202,50,50,0,29.8058578242241,30,30,0,6.57295108273903,24.1631215571856,30,10.8895052947656,30,0,30,30,9.39256696167979,13.8903068077318,30,17.7137171974031,28.657372767808,30,7.08320307485744,30,0,30,30,30,29.0423079392816,30,30,0.3,0,0.071727082863101,0,0,0,0,0,0,0.3,0.3,0.3,0.00712699933709981,0,0,0,0,0.0140924505621174,0,0,0,0.186331704823282,0.3,0,0,0,0.3,0,-39.1
"49",50,44.989688840097,15.2851321795565,3.920429110979,50,50,50,50,0,50,0,50,50,0,50,28.2276229315865,13.2398350392015,0,0,0,0,0,0,4.536573820453,50,39.5358086120162,50,50,0,29.8109335495987,30,30,0,6.60315636830607,24.292907374217,30,10.821282482629,30,0,30,30,10.1299005101852,13.8543741989644,30,17.929438406675,28.5268938514519,30,7.02960477778161,30,0,30,30,30,28.9436816018324,30,30,0.3,0,0.0670290962415116,0,0,0,0,0,0,0.3,0.3,0.3,0.00796626811379831,0,0,0,0,0.015732573259591,0,0,0,0.181948937353296,0.3,0,0,0,0.3,0,-36.8
"50",50,37.0019742332727,12.3192580503095,2.02068178141355,50,50,50,50,0,50,0,50,50,0,50,21.5344032202326,11.9641404942039,0,0,0,0,0,0,2.32953030344527,50,37.5437527592425,50,50,0,29.2089952847966,30,30,0,8.95625536960264,20.6314509389878,30,11.733146750474,30,0,30,30,4.68498467377013,8.01577792084098,30,10.4196410002977,28.7233138851461,30,9.56818369593403,30,0,30,30,30,27.6463055787243,30,30,0.3,0,0.0327447966707609,0,0,0,0,0,0,0.3,0.3,0.3,0.0091200322616794,0,0,0,0.000154134804378147,0.0118859651680431,0,0,0,0.245639740963651,0.3,0,0,0,0.3,0,-41
"51",50,34.7425737722249,0,0,50,50,50,50,0,50,0,50,50,0,50,0,21.9959784119552,0,0,0,0,0,0,0,50,50,50,50,0,28.511648390626,30,30,0,22.9556333055613,10.9693872285881,30,25.7715877521075,30,0,30,30,0,0,30,0,30,30,27.9639209179583,30,0,30,30,30,30,30,30,0.3,0,0,0,0,0,0,0,0,0.3,0.3,0.3,0.0298035897207139,0,0,0,0,0.0226526796455765,0,0,0,0.3,0.3,0,0,0,0.3,0,-51.2
"52",50,44.9882340178994,14.8237321292341,4.21535182035834,50,50,50,50,0,50,0,50,50,0,50,29.5341957126277,12.3296300981951,0,0,0,0,0,0,4.76756391151665,50,40.215152191144,50,50,0,29.8836780756737,30,30,0,7.3556757759636,24.3608701489864,30,10.6543960773223,30,0,30,30,9.8932740424685,14.0249673441502,30,18.1711683211081,28.4535415861504,30,7.27906796680066,30,0,30,30,30,29.0519969905226,30,30,0.3,0,0.0695249813580587,0,0,0,0,0,0,0.3,0.3,0.3,0.00776337511272405,0,0,0,0,0.0196799080283057,0,0,0,0.182099860142054,0.3,0,0,0,0.3,0,-37
"53",50,38.4957459750639,6.60137913568184,3.28457089149935,50,50,50,50,0,50,0,50,50,0,50,22.6250670566267,12.4668992049298,0,0,0,0.194274336385276,0,0,4.05163260107896,50,41.5139758428591,50,50,0,29.7649966531936,30,30,0,9.72972817308674,20.4794367398511,30,11.6125081406569,30,0,30,30,5.62759149727672,10.1241535476205,30,14.7141874416164,28.2701869586244,30,8.86999727377649,30,0,30,30,30,28.499725217514,30,30,0.3,0,0.0613006564083617,0,0,0,0,0,0,0.3,0.3,0.3,0.0105268172333329,0,0,0,0,0,0,0,0,0.218480881026786,0.3,0,0,0,0.3,0,-38.2
"54",50,44.1848707513903,1.65786357315336,1.87306356137716,50,50,50,50,0,50,0,50,50,0,49.5147209687786,28.3633363199521,7.97412749289555,0,0,0,0,0,0,3.17300203332302,50,45.9555226328393,50,50,0,30,30,30,0,10.9200062203149,19.2852394033129,30,8.54079888209153,30,0,30,30,2.48851052480078,12.5152571459928,30,15.9914857521477,28.2939148467596,30,8.16022881929948,30,0,30,30,30,30,30,30,0.3,0,0.036053693295317,0,0,0,0,0,0,0.3,0.3,0.3,0.00309713678784972,0,0,0,0,0,0,0,0,0.223296574154809,0.3,0,0,0,0.3,0,-43.5
"55",50,42.5510569126234,13.8677729382149,3.30878274710085,50,50,50,50,0,50,0,50,50,0,50,28.034622241488,10.8402032708496,0,0,0,0,0,0,4.5252462481342,50,39.0410986607468,50,50,0,29.8043369054342,30,30,0,7.06642590344274,23.2919469365828,30,9.41230726021597,30,0,30,30,9.53147132234066,14.1899945135495,30,18.4705983288223,28.1352175456766,30,7.47599818595199,30,0,30,30,30,28.9801165941361,30,30,0.3,0,0.0618065391694808,0,0,0,0,0,0,0.3,0.3,0.3,0.00799360221847961,0,0,0,0,0.0209613676786574,0,0,0,0.180325045270002,0.3,0,0,0,0.3,0,-36.7
"56",50,45.1282165724426,9.9430603105708,3.11799875686375,50,50,50,50,0,50,0,50,50,0,50,26.5366141416065,10.3742406425465,0,0,0,0,0,0,3.86708998881913,50,41.8414028796914,50,50,0,30,30,30,0,6.86856552528738,23.3411800651518,30,10.0924730327852,30,0,30,30,8.66242208002243,12.7544748707199,30,17.5543364009328,28.5215001362242,30,8.07977579226518,30,0,30,30,30,29.0615484688005,30,30,0.3,0,0.0610109747596859,0,0,0,0,0,0,0.3,0.3,0.3,0.0102962283292853,0,0,0,0,3.10280908667505e-05,0,0,0,0.19492920552537,0.3,0,0,0,0.3,0,-38.2
"57",50,41.0717533644179,9.38388266308693,3.65977595349079,50,50,50,50,0,50,0,50,50,0,50,24.6959954614033,11.5250793966966,0,0,0,0,0,0,3.42394819566772,50,41.6280058886134,50,50,0,29.654844464443,30,30,0,7.78217991256311,21.6814547145754,30,11.1629571253312,30,0,30,30,7.09717316429974,11.3623131337871,30,15.4066575971107,28.048872065673,30,8.95006646071944,30,0,30,30,30,29.3711599353171,30,30,0.3,0,0.0547838030146444,0,0,0,0,0,0,0.3,0.3,0.3,0.0105128019343799,0,0,0,0,0.00901324514707072,0,0,0,0.213740695926388,0.3,0,0,0,0.3,0,-37.7
"58",50,42.6296958121227,12.4457284369397,3.69398694410591,50,50,50,50,0,50,0,50,50,0,50,26.0870927849684,12.576236896764,0,0,0,0,0,0,3.83609314482997,50,40.3353812692011,50,50,0,29.8214431678731,30,30,0,7.26961914508725,22.7188358117391,30,11.0561577330844,30,0,30,30,8.26998397847332,12.3042963980116,30,16.2318064665437,28.2820047688149,30,8.16993177326703,30,0,30,30,30,28.9605650065673,30,30,0.3,0,0.0590272970806965,0,0,0,0,0,0,0.3,0.3,0.3,0.00910778326043969,0,0,0,0,0.0183865535964191,0,0,0,0.202255238219945,0.3,0,0,0,0.3,0,-36.5
"59",50,41.0335723673964,7.56001378375123,3.67372792030272,50,50,50,50,0,50,0,50,50,0,50,23.7863384829345,11.4190018164231,0,0,0,0,0,0,3.10737058452604,50,42.6047812440142,50,50,0,29.5871318317969,30,30,0,8.09151691787299,21.0402450462187,30,11.459493887681,30,0,30,30,6.34121843231103,10.4329914587435,30,14.6438213362829,28.1119963145898,30,9.11482143610963,30,0,30,30,30,29.6365708270075,30,30,0.3,0,0.049890109276251,0,0,0,0,0,0,0.3,0.3,0.3,0.0112478537443789,0,0,0,0,0.00657172023211809,0,0,0,0.22333543497508,0.3,0,0,0,0.3,0,-40
"60",50,46.3672482096214,16.2001517962792,4.00543914868416,50,50,50,50,0,50,0,50,50,0,50,29.7628181153365,13.7369144854132,0,0,0,0,0,0,5.00426236265517,50,38.1006819002709,50,50,0,30,30,30,0,5.98839442487368,25.4178581542124,30,10.6467275642581,30,0,30,30,10.8642567963696,15.256328719746,30,19.048887421897,27.9137931782066,30,6.03078957567317,30,0,30,30,30,28.8087762683693,30,30,0.3,0,0.0729097906187776,0,0,0,0,0,0,0.3,0.3,0.3,0.00682125201113943,0,0,0,0,0.0105589171709895,0,0,0,0.170537422170718,0.3,0,0,0,0.3,0,-41.3
