"","accuracy","NA","NA","NA","NA","NA","NA","NA","NA","NA","NA","NA","NA","NA","NA","NA","NA","NA","NA","NA","NA","NA","NA","NA","NA","NA","NA","NA","NA","NA","NA","NA","NA","NA","NA","NA","NA","NA","NA","NA","NA","NA","NA","NA","NA","NA","NA","NA","NA","NA","NA","NA","NA","NA","NA","NA","NA","NA","NA","NA","NA","NA","NA","NA","NA","NA","NA","NA","NA","NA","NA","NA","NA","NA","NA","NA","NA","NA","NA","NA","NA","NA","NA","NA","NA"
"1",50,42.744753360907,12.5022578946904,3.63770827761057,50,50,50,50,0,50,0,50,50,0,50,26.2604729623389,12.3712113890628,0,0,0,0,0,0,3.92556240489295,50,40.4195764901968,50,50,0,29.7754419453357,30,30,0,7.23518325768497,22.8888267484884,30,10.8918832033724,30,0,30,30,8.33402912371754,12.4446751170563,30,16.4497753565172,28.2094481308598,30,8.08306638066136,30,0,30,30,30,29.01469346001,30,30,0.3,0,0.0595053396005735,0,0,0,0,0,0,0.3,0.3,0.3,0.00913304801739853,0,0,0,0,0.0169087292323265,0,0,0,0.20037582111874,0.3,0,0,0,0.3,0,-36.4
"2",50,42.5670680201639,15.2311312587778,3.27663754524074,50,50,50,50,0,50,0,50,50,0,45.0908945137075,23.4197085114314,13.4439240881331,0,0,0,0,0,0,3.2946034669369,50,39.5943882906767,50,50,0,29.7041177633074,30,30,0,7.42148946332328,23.1302759221568,30,7.7406471014163,30,0,30,30,7.81298002617809,11.8694781677901,30,17.1226113452782,28.3853208417102,30,9.84335319350204,30,0,30,30,30,28.2208961535339,30,30,0.3,0,0.067792750593822,0,0,0,0,0,0,0.3,0.3,0.3,0.00977419038050475,0,0,0,0,0.0323177027120258,0,0,0,0.205796310033846,0.3,0,0,0,0.3,0,-38.8
"3",50,42.7084453841162,18.248956375276,2.9101224003096,50,50,50,50,0,50,0,50,50,0,50,27.7711212168271,14.9469943669406,0,0,0,0,0,0,4.05429648933243,50,38.1933647335291,50,50,0,29.8809843067163,30,30,0,6.50594353999039,23.55670288186,30,11.3514810589693,30,0,30,30,9.73511466471087,13.2484127654673,30,16.6691979610175,28.6027367120695,30,6.96358480389199,30,0,30,30,30,28.6529342627673,30,30,0.3,0,0.0569616239499957,0,0,0,0,0,0,0.3,0.3,0.3,0.00696145184546495,0,0,0,0,0.0343631771310537,0,0,0,0.196178044348333,0.3,0,0,0,0.3,0,-39.3
"4",50,38.4422159718145,11.6139114842704,3.5232732208888,50,50,50,50,0,50,0,50,50,0,50,24.6315395770232,13.2007047223892,0,0,0,0,0,0,2.54122752249993,50,40.2176157803015,50,50,0,29.5725967113672,30,30,0,8.01565487530288,20.6096316004886,30,12.2733225417303,30,0,30,30,6.36887949971171,10.0698508043603,30,13.1829292775657,28.5381815470731,30,8.76944367846669,30,0,30,30,30,29.3905326108038,30,30,0.3,0,0.0409067450252141,0,0,0,0,0,0,0.3,0.3,0.3,0.0101482484160697,0,0,0,0,0.023519651645105,0,0,0,0.230750870395854,0.3,0,0,0,0.3,0,-38
"5",50,49.5898906716965,23.8988259877301,4.29975625401028,50,50,50,50,0,50,0,50,50,0,50,32.5865802603596,15.5083805116622,0,0,0,0,0,0,6.61129251684902,50,34.9398074932221,50,50,0,30,30,30,0,5.55901756032972,28.1529312652028,30,9.97326704879354,30,0,30,30,13.4043643971305,17.3921462397182,30,21.1543118312984,28.7587701634236,30,6.02921703420089,30,0,30,30,30,27.9204145870607,30,30,0.3,0,0.0858415820509392,0,0,0,0,0,0,0.3,0.3,0.3,0.00521378381663098,0,0,0,0,0.030301539650905,0,0,0,0.148897810124855,0.3,0,0,0,0.3,0,-40.4
"6",50,37.8441573857597,10.724644477176,3.18464726376173,50,50,50,50,0,50,0,50,50,0,50,23.1208146514365,12.7712556050603,0,0,0,0,0,0,2.44386378630489,50,40.8776745634232,50,50,0,29.3142850300161,30,30,0,8.21661425422216,20.0192169543706,30,11.9068041791473,30,0,30,30,5.33367329192484,9.38205482985449,30,12.4369460222262,28.5198607333242,30,9.96034787236817,30,0,30,30,30,29.410774772372,30,30,0.3,0,0.0394243843661819,0,0,0,0,0,0,0.3,0.3,0.3,0.00998209267401875,0,0,0,0,0.00494241953022682,0,0,0,0.243073843689777,0.3,0,0,0,0.3,0,-40.7
"7",50,46.566831689589,0,5.52934917607808,50,50,50,50,0,50,0,50,50,0,50,22.6258225032336,7.31852686076709,0,0,0,0,0,0,5.82995854600945,50,48.9214098913965,50,50,0,29.6207092106259,30,30,0,9.37525846712529,23.3101898792306,30,10.0562547809551,30,0,30,30,7.11327640851562,12.6279463002222,30,18.2556474369611,26.9449483448832,30,10.2193159292531,30,0,30,30,30,30,30,30,0.3,0,0.0624238573766804,0,0,0,0,0,0,0.3,0.3,0.3,0.0138498240570896,0,0,0,0,0,0,0,0,0.190224330152224,0.3,0,0,0,0.3,0,-40.5
"8",50,41.5196116474867,9.66202027603082,4.25513497512031,50,50,50,50,0,50,0,50,50,0,50,23.8510193141202,12.5458350726608,0,0,0,0,0,0,3.67374670639032,50,41.9234284990896,50,50,0,29.7877320584273,30,30,0,7.4858540825858,21.4844346676581,30,11.4014635570579,30,0,30,30,7.3118389197509,11.0433835128686,30,15.2659715279367,27.7760773123075,30,8.68881372567077,30,0,30,30,30,29.348274849565,30,30,0.3,0,0.0586369306435307,0,0,0,0,0,0,0.3,0.3,0.3,0.0108626085884465,0,0,0,0,0.0152636762999226,0,0,0,0.212509593160988,0.3,0,0,0,0.3,0,-36.5
"9",50,41.6888546659481,12.3133324668401,3.71115390745754,50,50,50,50,0,50,0,50,50,0,50,25.3768655934197,12.9085267278631,0,0,0,0,0,0,3.72139483387182,50,40.3595598017367,50,50,0,29.7904533689937,30,30,0,7.33032511108805,22.3384113570287,30,11.1846487105049,30,0,30,30,7.89356832275043,11.8169047591265,30,15.6317789496803,28.2355018858057,30,8.43991666282605,30,0,30,30,30,29.0024646123486,30,30,0.3,0,0.0562760186023575,0,0,0,0,0,0,0.3,0.3,0.3,0.0093358976133237,0,0,0,0,0.00290787794191033,0,0,0,0.209210192350262,0.3,0,0,0,0.3,0,-38
"10",50,35.3204417763102,9.22836212561781,7.05512819565117,50,50,50,50,0,50,0,50,50,0,41.3634846084667,21.5887930497762,17.3157879084099,0,0,0,0,0,0,2.49015338191902,50,41.6679459972291,50,50,0,29.9247921300713,30,30,0,9.40307073190502,18.0249960631553,30,15.3737180225698,30,0,30,30,7.16339996938186,7.7003052408,30,12.8078961210421,26.6535608391493,30,7.18373573143589,30,0,30,30,30,28.3357298482662,30,30,0.3,0,0.0633368282590564,0,0,0,0,0,0,0.3,0.3,0.3,0.0128085228044775,0,0,0,6.36098693035323e-05,0.0478407339136919,0,0,0,0.23063119113805,0.3,0,0,0,0.3,0,-39
"11",50,39.9839406248718,0,2.71763112600552,50,50,50,50,0,50,0,50,50,0,50,16.8793244387925,8.85215216852797,0,0,0,0,0,0,1.70039500082232,50,43.041300185737,50,50,0,30,30,30,0,10.5699701283309,16.5478518601079,30,11.2611110210258,30,0,30,30,0.239502915135885,6.49986371903535,30,9.66621202403089,27.3301004079775,30,13.533476289312,30,0,30,30,30,29.6272824810407,30,30,0.3,0,0.0301618989898289,0,0,0,0,0,0,0.3,0.3,0.3,0.0157985191556526,0,0,0,0,0.0117155000716246,0,0,0,0.294238407014002,0.3,0,0,0,0.3,0,-45.5
"12",50,39.1548129500561,10.8218409841173,2.93158000107299,50,50,50,50,0,50,0,50,50,0,50,23.9079306690519,13.1301282854142,0,0,0,0,0,0,2.43475808979417,50,38.7854822840709,50,50,0,29.7287836791878,30,30,0,7.20262297983788,20.4765542300084,30,10.6843600275845,30,0,30,30,5.34831213322245,10.4646903978392,30,13.5969875398297,27.2902037536001,30,9.30860257185936,30,0,30,30,30,28.5954724623619,30,30,0.3,0,0.0372705070172936,0,0,0,0,0,0,0.3,0.3,0.3,0.011659794697704,0,0,0,0,0.0122584267544874,0,0,0,0.230317015275846,0.3,0,0,0,0.3,0,-41
"13",50,47.6808206686114,23.9834527518998,3.45435252649935,50,50,50,50,0,50,0,50,50,0,45.4645110989452,32.0747727266089,14.9491487562502,0,0,0,0.391672008947587,0,0,5.22904087590027,50,35.9841281471097,50,50,0,30,30,30,0,5.57208937773463,26.1556330499809,30,10.8309889109084,30,0,30,30,12.9683203870179,15.5259826037877,30,19.4009486190594,29.3711963135661,30,5.10923967872885,30,0,30,30,30,28.4322438287153,30,30,0.299954167958509,0,0.072066852749451,0,0,0,0,0,0,0.3,0.3,0.3,0.00382905194120943,0,0,0,0,0.0559256300247764,0,0,0,0.160882648654285,0.3,0,0,0.00111888280274572,0.3,0,-40.7
"14",50,50,32.0437841103449,2.20375126317072,50,50,50,50,0,50,0,50,50,0,41.2291229150568,34.6940261591105,16.4022751364186,0,0,0,0,0,0,8.15133059377513,50,31.8543823098895,50,50,0,30,30,30,0,4.0675517915912,30,30,8.32947264107479,30,0,30,30,14.9723601037719,19.5636777126409,30,22.1502941606555,29.77185804449,30,4.9261487477415,30,0,30,30,30,25.9982183818414,30,30,0.3,0,0.0783879997554082,0,0,0,0,0,0,0.3,0.3,0.3,0.00217572759938462,0,0,0,0,0.0727372749521921,0,0,0,0.136008120354686,0.3,0,0,0,0.3,0,-42.9
"15",50,49.4883265755824,24.5486619849815,1.25495035034513,50,50,50,50,0,50,0,50,50,0,48.6756818911593,34.2008843499403,11.1094745988898,0,0,0,1.15929808685069,0,0,6.83789077807541,50,35.9787643129148,50,50,0,29.8828371232721,30,30,0,5.16809331901107,28.776015200985,30,7.55310921638186,30,0,30,30,12.0538516944431,17.7423123870331,30,21.5653829253317,29.2574307980764,30,5.8752322217398,30,0,30,30,30,28.5753465134766,30,30,0.3,0,0.0688649653685169,0,0,0,0,0,0,0.3,0.3,0.3,0.00371224985132673,0,0,0,0,0.0251654365324318,0,0,0,0.144238216308822,0.3,0,0,0,0.3,0,-40.2
"16",50,42.0273482994952,7.1608874142489,5.8424653266453,50,50,50,50,0,50,0,50,50,0,50,22.2309108426538,12.4407189948301,0,0,0,0,0,0,3.12891112161164,50,42.4879045697143,50,50,0,29.7741878657349,30,30,0,8.53250933417819,21.2934518689794,30,11.5005370656191,30,0,30,30,8.02476461035761,10.5221507286567,30,15.3903007827937,27.358564664753,30,8.92573016405067,30,0,30,30,30,29.204009203401,30,30,0.3,0,0.0590906298044425,0,0,0,0,0,0,0.3,0.3,0.3,0.0123419012100083,0,0,0,0,0.0100810550631957,0,0,0,0.214059101797857,0.3,0,0,0,0.3,0,-38.1
"17",50,47.1201324142347,16.4604701083346,4.73400802374342,50,50,50,50,0,50,0,50,50,0,50,28.6755504504349,13.2889494824086,0,0,0,0,0,0,5.15675004553868,50,39.4854081639003,50,50,0,30,30,30,0,6.04347314003766,25.1106111231346,30,10.8778151612088,30,0,30,30,11.1042438047537,14.9257917398363,30,18.871517857944,28.3665772133393,30,7.10596795302671,30,0,30,30,30,28.3802400578355,30,30,0.3,0,0.0732282528318418,0,0,0,0,0,0,0.3,0.3,0.3,0.00758787833129248,0,0,0,0,0.0298641460829858,0,0,0,0.170198866531665,0.3,0,0,0,0.3,0,-37.6
"18",50,33.6842948482273,21.6477920364757,8.66749819798481,49.8799388451489,50,50,50,0,50,0,50,50,0,40.5345243172793,23.7300160777261,23.5616254986463,0,0,0,10.2611912077233,0,0.244235413538532,0.924335757752111,50,33.5179422419877,50,50,0,28.2478424054947,30,30,0,7.05076308846849,20.1376243345681,30,14.6512802715162,30,0,30,30,9.45416551843665,10.8469043658226,30,13.330671180226,29.1750664893367,30,6.56479108935898,30,0,30,30,30,26.9751249664632,30,30,0.3,0,0.0672469729376065,0,0,0,0,0,0,0.29747212327871,0.3,0.3,0.00367305450881166,0,0,0.00324699155927316,0,0.10074931000042,0,0.0164096550113771,0,0.199666798262044,0.3,0,0,0.0298313386709762,0.3,0,-46.2
"19",50,44.181576065207,21.5271040364714,2.67654875541949,50,50,50,50,0,50,0,50,50,0,44.2190221730832,28.7614035517025,15.1863284173984,0,0,0,0.389257812731613,0,0,3.80878360988902,50,36.6671063636418,50,50,0,29.8671049400775,30,30,0,5.95809194597769,24.6129832355567,30,10.7106947365672,30,0,30,30,9.93278877293174,13.8754811889805,30,17.0341965452603,28.8000034078751,30,7.05549570648323,30,0,30,30,30,28.1643262354909,30,30,0.3,0,0.0570733732732064,0,0,0,0,0,0,0.3,0.3,0.3,0.00585218544949318,0,0,0,0,0.0498410665368675,0,0,0,0.191288602942453,0.3,0,0,0,0.3,0,-39.9
"20",50,47.1704496281353,21.7633968685616,3.21601271025321,50,50,50,50,0,50,0,50,50,0,49.5882711847911,29.4113211544001,13.1914036177788,0,0,0,0,0,0,4.53789023579525,50,28.1060936503742,50,50,0,30,30,30,0,5.50314944044615,24.7260101772408,30,10.5893593530593,30,0,30,30,15.4978604476768,13.6381009996464,30,18.5001410104169,28.6584028468389,30,7.12628952062606,30,0,30,30,30,27.9079494668264,30,30,0.3,0,0.0611726309577985,0,0,0,0,0,0,0.3,0.3,0.3,0.00717097070053782,0,0,0,0,0.0428151019540692,0,0,0,0.184847727494787,0.3,0,0,0,0.3,0,-37.6
"21",50,47.0462149167684,14.9831063651547,6.38204951106377,50,50,50,50,0,50,0,50,50,0,50,28.1690919226364,15.8360802709743,0,0,0,0,0,0,4.81117679583872,50,40.9042424001213,50,50,0,30,30,30,0,6.06824538443325,24.5499542935361,30,12.4875213679834,30,0,30,30,12.9534167544446,14.0804604146541,30,18.9545479374303,28.6888042677065,30,5.2918314772172,30,0,30,30,30,28.9000691809509,30,30,0.3,0,0.080953869098907,0,0,0,0,0,0,0.3,0.3,0.3,0.00740197089441315,0,0,0,0,0.025756341074115,0,0,0,0.158183448659598,0.3,0,0,0,0.3,0,-37.8
"22",50,48.1459280433737,17.2745306068015,2.8786129834652,50,50,50,50,0,50,0,50,50,0,42.4505449254567,47.572037500918,4.6629680531214,0,0,0,0,0,0,1.02487734033475,50,29.7371041479071,50,50,0,29.7613932807244,30,30,0,0,30,30,0.0973696247346192,30,0,30,30,7.95096600317983,18.7626929475723,30,26.6159341465031,27.6681969803662,30,0,30,0,30,30,30,29.1170668923453,30,30,0.3,0,0.052850546134943,0,0,0,0,0,0,0.3,0.3,0.3,0.00197037569974111,0,0,0,0,0.0288165324245448,0,0,0,0.203792473223819,0.3,0,0,0,0.3,0,-49.5
"23",50,46.0720896985561,17.3106506369737,3.56074007266769,50,50,50,50,0,50,0,50,50,0,50,29.0866430302003,13.9572069380064,0,0,0,0,0,0,4.94909894564989,50,39.344418453401,50,50,0,30,30,30,0,5.82367857278258,24.9606363914311,30,10.616273676476,30,0,30,30,9.89966831944539,13.9940754414432,30,18.1041536369498,28.440890386741,30,7.25543453314166,30,0,30,30,30,29.7002615580001,30,30,0.3,0,0.0662826432640174,0,0,0,0,0,0,0.3,0.3,0.3,0.00729008633848552,0,0,0,0,0.0258147048090678,0,0,0,0.182318079336998,0.3,0,0,0,0.3,0,-37.1
"24",50,43.0002900354741,13.7694862361639,4.31764916793659,50,50,50,50,0,50,0,50,50,0,50,25.7652632646873,14.7043340725763,0,0,0,0,0,0,4.07277572081437,50,40.5473601108671,50,50,0,30,30,30,0,6.96140629728193,22.6340801308978,30,11.5573605959313,30,0,30,30,9.28721246240496,12.4098471790234,30,16.5852313447126,27.8563650114266,30,7.40560539965371,30,0,30,30,30,28.5511145456565,30,30,0.3,0,0.0628971489054815,0,0,0,0,0,0,0.3,0.3,0.3,0.00936433568170422,0,0,0,0,0.0284193890366846,0,0,0,0.193687519828834,0.3,0,0,0,0.3,0,-37.1
"25",50,49.8867849485912,20.3517149120494,4.79608939233262,50,50,50,50,0,50,0,50,50,0,50,35.0362642027824,11.5628708411774,0,0,0,0,0,0,6.38333657860565,50,35.4845200940181,50,50,0,30,30,30,0,4.77310571410728,28.2426809094988,30,8.93465558790285,30,0,30,30,13.3492113830416,19.6244819526858,30,25.1058526876593,29.3458509117757,30,4.21678686412029,30,0,30,30,30,29.4794472501282,30,30,0.3,0,0.0913377994941251,0,0,0,0,0,0,0.3,0.3,0.3,0.00310349428528071,0,0,0,0,0.0178262857379674,0,0,0,0.137239802954555,0.3,0,0,0,0.3,0,-40
"26",50,43.1836521994202,8.65406697195273,3.82870367852352,50,50,50,50,0,50,0,50,50,0,50,25.4424002434595,11.4455114444096,0,0,0,0,0,0,3.7099949335542,50,42.4500054260391,50,50,0,30,30,30,0,7.633420888307,22.3413167045444,30,11.1701964205769,30,0,30,30,7.93471045185509,11.7778448219128,30,16.2641442939711,27.7829863472221,30,8.60578874043514,30,0,30,30,30,29.6357740569679,30,30,0.3,0,0.0588668453196552,0,0,0,0,0,0,0.3,0.3,0.3,0.0108173475430115,0,0,0,0,0,0,0,0,0.203067608265303,0.3,0,0,0,0.3,0,-38.1
"27",50,50,18.7059997961734,4.47961062229626,50,50,50,50,0,50,0,50,50,0,49.1737110932467,31.3927383467018,13.2814731810823,0,0,0,0,0,0,5.79623470366927,50,39.1686189214126,50,50,0,30,30,30,0,6.03364446072664,26.9354025289091,30,8.95197445414522,30,0,30,30,12.7201850295096,17.3436848533143,30,21.9444875577962,28.1802980624573,30,5.87669502855924,30,0,30,30,30,28.4941497587337,30,30,0.3,0,0.0873783673853665,0,0,0,0,0,0,0.3,0.3,0.3,0.00730754774617542,0,0,0,0,0.0316446778547948,0,0,0,0.152536870141546,0.3,0,0,0,0.3,0,-38.3
"28",50,46.4997184626236,12.9182908914246,3.89961901065438,50,50,50,50,0,50,0,50,50,0,50,29.3831284504738,12.9593797994489,0,0,0,0,0,0,4.54861827321984,50,41.2793331418023,50,50,0,30,30,30,0,6.7348401622273,24.9256158603866,30,11.4160874174111,30,0,30,30,11.4780531342598,13.5781873835118,30,18.6121542482795,27.9162928864295,30,7.18315771345433,30,0,30,30,30,28.8880549500972,30,30,0.3,0,0.0670623701166407,0,0,0,0,0,0,0.3,0.3,0.3,0.00855132382732315,0,0,0,0,0.0240198659336749,0,0,0,0.170334610394197,0.3,0,0,0,0.3,0,-37.1
"29",50,42.6238478004362,12.4749009129248,3.95563891082362,50,50,50,50,0,50,0,50,50,0,50,26.2021181623823,12.6571264244158,0,0,0,0,0,0,3.90918947322128,50,40.9269974547201,50,50,0,29.9986383129429,30,30,0,7.20073362970968,22.6393502355026,30,11.1406945246167,30,0,30,30,8.45930611285337,12.2953789335915,30,16.3483760678114,28.0445499148419,30,7.96112040922506,30,0,30,30,30,28.9689796272446,30,30,0.3,0,0.0593867759584466,0,0,0,0,0,0,0.3,0.3,0.3,0.00952145286599457,0,0,0,0,0.0181575589586892,0,0,0,0.200671567164142,0.3,0,0,0,0.3,0,-36.5
"30",50,39.5696012152876,4.96457400966122,4.34204493493169,50,50,50,50,0,50,0,50,50,0,50,21.4432326963801,12.626992662419,0,0,0,0,0,0,1.2449573283068,50,44.8914197403755,50,50,0,29.7039191152663,30,30,0,8.39706728217079,19.5956275485868,30,12.2849936690831,30,0,30,30,6.0424541371917,8.92952913382471,30,13.2997143080391,27.2014444471785,30,8.90728668890352,30,0,30,30,30,29.6306584638723,30,30,0.3,0,0.0468146846609855,0,0,0,0,0,0,0.3,0.3,0.3,0.0133341861150741,0,0,0,0,0.00294209130370809,0,0,0,0.231347375392847,0.3,0,0,0,0.3,0,-40.5
"31",50,43.829125521069,14.4199472785293,3.99547639281769,50,50,50,50,0,50,0,50,50,0,50,29.784804672277,14.1943228017879,0,0,0,0,0,0,4.00557995835404,50,38.8886500771468,50,50,0,29.835827625535,30,30,0,7.42296555994144,24.0219389248758,30,11.6304733629413,30,0,30,30,7.94793395121646,13.3440599623737,30,17.4428334024811,28.641455066728,30,6.17479941484764,30,0,30,30,30,29.3220441298096,30,30,0.3,0,0.0622027739655689,0,0,0,0,0,0,0.3,0.3,0.3,0.00688250426355891,0,0,0,0,0.00882421695594839,0,0,0,0.210019384143434,0.3,0,0,0,0.3,0,-40.8
"32",50,39.5194317147159,15.0981861909495,4.55585882941808,50,50,50,50,0,50,0,50,50,0,45.7530998432604,27.0865769532905,18.2045467055363,0,0,0,0,0,0,3.39832511618669,50,40.6573236715778,50,50,0,29.7852969586758,30,30,0,6.79774614436907,21.548518076515,30,14.0608232150954,30,0,30,30,11.4728369181014,12.1755303811652,30,15.1063179258635,26.9721185892112,30,5.93603683989081,30,0,30,30,30,28.7810519882852,30,30,0.3,0,0.0633642193187109,0,0,0,0,0,0,0.3,0.3,0.3,0.00940373498358989,0,0,0,0,0.061138244235675,0,0,0,0.193088390632251,0.3,0,0,0,0.3,0,-37.9
"33",50,41.867908367939,16.2291500468272,3.33538069120382,50,50,50,50,0,50,0,50,50,0,50,27.6795916348718,12.3749447448356,0,0,0,0,0,0,4.05652828673062,50,38.1673452698365,50,50,0,29.5083882510018,30,30,0,7.21735022000943,24.0856447394385,30,10.7420614825706,30,0,30,30,8.31696680195962,12.7534470411097,30,16.1304339096713,29.0923375316024,30,7.94837004858986,30,0,30,30,30,28.7214837332128,30,30,0.3,0,0.055666880034058,0,0,0,0,0,0,0.3,0.3,0.3,0.00527551035323166,0,0,0,0,0.0271510080883622,0,0,0,0.199224102634874,0.3,0,0,0,0.3,0,-39
"34",50,46.337844208153,17.8509582606426,4.0458203185464,50,50,50,50,0,50,0,50,50,0,50,28.2780547309312,15.4969933359692,0,0,0,0,0,0,5.36618449097012,50,36.9653280849712,50,50,0,30,30,30,0,6.85764557285833,25.6382332862892,30,10.9289850702367,30,0,30,30,11.2893853854012,15.7930988612703,30,19.036630444295,28.6584224589406,30,6.95687335244036,30,0,30,30,30,28.5214380588264,30,30,0.3,0,0.06620605661223,0,0,0,0,0,0,0.3,0.3,0.3,0.00607812942103863,0,0,0,0,0.0265492366485923,0,0,0,0.186562869595566,0.3,0,0,0,0.3,0,-39.3
"35",50,47.1214301023157,20.550571587183,2.70166369603966,50,50,50,50,0,50,0,50,50,0,46.0974110680553,30.478715490976,13.1676385953588,0,0,0,0,0,0,4.99285117575139,50,36.1737981325776,50,50,0,30,30,30,0,5.47359484085619,25.9842766328276,30,8.79707368664704,30,0,30,30,10.9076342357876,15.7257910213373,30,19.1364851180798,28.3867226681423,30,6.99516896656788,30,0,30,30,30,28.345823552926,30,30,0.3,0,0.0622440322797654,0,0,0,0,0,0,0.3,0.3,0.3,0.00628417295836215,0,0,0,0,0.0375628224512473,0,0,0,0.176672408487259,0.3,0,0,0,0.3,0,-39.7
"36",50,50,22.5115665552654,0,50,50,50,50,0,50,0,50,50,0,50,29.570468831629,4.16628398705722,0,0,0,0,0,0,6.74010825676844,50,32.2519905971822,50,50,0,30,30,30,0,0.530995213733785,27.2159775092815,30,0,30,0,30,30,8.23135840771083,23.0752462032855,30,30,26.7738607994892,30,6.94935690611153,30,0,30,30,30,30,30,30,0.3,0,0.11103306003944,0,0,0,0,0,0,0.3,0.3,0.3,0.00626673972431846,0,0,0,0,0,0,0,0,0.118538944259485,0.3,0,0,0,0.3,0,-48
"37",50,44.9991720761299,14.39910831513,3.31836703713136,50,50,50,50,0,50,0,50,50,0,50,28.6851262335042,12.8516500241078,0,0,0,0,0,0,4.90642784797628,50,40.7479812231764,50,50,0,30,30,30,0,6.61421669408382,24.1059603935539,30,11.1927605896364,30,0,30,30,10.164006401157,13.4397718053921,30,17.6811081957463,28.329132225299,30,7.32419951594938,30,0,30,30,30,29.1404523135666,30,30,0.3,0,0.0633546136899437,0,0,0,0,0,0,0.3,0.3,0.3,0.0077975400044266,0,0,0,0,0.0269131592661044,0,0,0,0.181240433247694,0.3,0,0,0,0.3,0,-37
"38",50,41.3360201391356,10.3974811668643,3.84246570485327,50,50,50,50,0,50,0,50,50,0,50,24.1671821451177,12.63872170053,0,0,0,0.470413738297596,0,0,3.39885902282249,50,41.1728046909202,50,50,0,29.70755363264,30,30,0,7.65524858579416,21.4043747828456,30,11.3384060418434,30,0,30,30,7.12906513345143,11.0160640195624,30,14.9360279934462,28.2132122007862,30,8.88332766843166,30,0,30,30,30,29.0177390632799,30,30,0.3,0,0.0535783342555889,0,0,0,0,0,0,0.3,0.3,0.3,0.0104095853629193,0,0,0,0,0.0130877148970626,0,0,0,0.217233445425494,0.3,0,0,0,0.3,0,-37.9
"39",50,45.8303021393499,18.7581031801881,3.66379365665291,50,50,50,50,0,50,0,50,50,0,50,31.2922430824293,13.0655964329761,0,0,0,0,0,0,4.86339686033651,50,38.5524621379169,50,50,0,29.8345708250337,30,30,0,6.39881410360337,25.5725140786115,30,10.6386777630785,30,0,30,30,11.4839576462912,14.4241407491651,30,18.5141321408325,29.0406711545326,30,6.33138501401659,30,0,30,30,30,29.3120605275303,30,30,0.3,0,0.068218981058861,0,0,0,0,0,0,0.3,0.3,0.3,0.00497395483009203,0,0,0,0,0.0255236717874116,0,0,0,0.171026901614848,0.3,0,0,0,0.3,0,-39.4
"40",50,40.2993215179866,16.8366639870382,6.53743088233894,50,50,50,50,0,50,0,50,50,0,50,27.4813819142989,17.2232866869297,0,0,0,0,0,0,3.38703253841771,50,38.7306455257356,50,50,0,30,30,30,0,6.72964363816269,22.7936671702136,30,13.8745020778576,30,0,30,30,12.9599364858267,12.9826263738973,30,16.6353149765828,28.6661651422212,30,4.9065616404016,30,0,30,30,30,28.6010999314276,30,30,0.3,0,0.076273388609528,0,0,0,0,0,0,0.3,0.3,0.3,0.00739127399915246,0,0,0,0,0.00152192863123568,0,0,0,0.183103079071513,0.3,0,0,0,0.3,0,-38.4
"41",50,50,19.4510044589259,7.23631109926103,50,50,50,50,0,50,0,50,50,0,50,36.5384600813555,15.2238372474585,0,0,0,0,0,0,7.24417995781265,50,39.1854734561691,50,50,0,30,30,30,0,5.44424460880101,29.4688271865956,30,10.314775187512,30,0,30,30,16.2955168789544,20.4204603782084,30,26.0224404012939,28.5108435171093,30,2.08933589739637,30,0,30,30,30,28.5470872750256,30,30,0.3,0,0.116898994711575,0,0,0,0,0,0,0.3,0.3,0.3,0.00430916523334471,0,0,0,0,0.030424307640654,0,0,0,0.11379539800011,0.3,0,0,0,0.3,0,-41.7
"42",50,50,15.6532634108138,6.76378825652443,50,50,50,50,0,50,0,50,50,0,50,31.3089950161234,16.8375142250213,0,0,0,0,0,0,6.08175738468295,50,41.004706669752,50,50,0,30,30,30,0,6.08312790352511,26.2840844763888,30,12.3029602506285,30,0,30,30,15.5548801829756,16.0293126393409,30,21.9049100793637,26.8288611381957,30,3.65553919180714,30,0,30,30,30,26.8739162209101,30,30,0.3,0,0.0979538020025652,0,0,0,0,0,0,0.3,0.3,0.3,0.010169975091925,0,0,0,0,0.0571708314535258,0,0,0,0.125937446362584,0.3,0,0,0,0.3,0,-39.9
"43",50,38.1572795274874,7.77121228321049,3.06304165283361,50,50,50,50,0,50,0,50,50,0,50,24.8605740294292,9.48980182023564,0,0,0,0,0,0,3.34631296548021,50,41.1629747877999,50,50,0,29.3434444361569,30,30,0,9.0292271368404,20.5727457669238,30,11.6211642131279,30,0,30,30,5.08464445683509,11.6118585214785,30,15.4053536625678,29.7717881206872,30,9.87704235365414,30,0,30,30,30,30,30,30,0.3,0,0.0574985328249629,0,0,0,0,0,0,0.3,0.3,0.3,0.0105963098994873,0,0,0,0,0,0,0,0,0.21291059021749,0.3,0,0,0,0.3,0,-39.3
"44",50,50,22.9178298561116,4.14311096472834,50,50,50,50,0,50,0,50,50,0,50,34.5956818805054,5.8706207723104,0,0,0,0,0,0,6.50722870011906,50,33.3871886977461,50,50,0,29.3428620962544,30,30,0,8.04120063475786,30,30,1.74371989686303,30,0,30,30,11.6224785006636,20.3595923608873,30,23.5947922031737,28.9718479688202,30,8.25854400670922,30,0,30,30,30,27.9416099393215,30,30,0.3,0,0.0634771246584062,0,0,0,0,0,0,0.3,0.3,0.3,0.00647605204318839,0,0,0,0,0.0100017992084688,0,7.51527318130653e-05,0,0.127185842233001,0.3,0,0,0,0.3,0,-40.2
"45",50,36.2279702877748,3.67035734314092,4.18103602274668,50,50,50,50,0,50,0,50,50,0,50,20.6540259878439,11.2824856241773,0,0,0,0,0,0,1.91889397018357,50,43.5876418575962,50,50,0,29.3841954256267,30,30,0,9.01674426602486,18.3837160401184,30,12.2007044983357,30,0,30,30,4.04931605189411,8.21901263244601,30,12.1101578331914,27.7056771981755,30,10.6671757690095,30,0,30,30,30,29.5767466649365,30,30,0.3,0,0.0415601314942559,0,0,0,0,0,0,0.3,0.3,0.3,0.0125348311222219,0,0,0,0,0,0,0,0,0.250154975055095,0.3,0,0,0,0.3,0,-40.8
"46",50,43.8203433382987,0,0.692297726418007,50,50,50,50,0,50,0,50,50,0,50,14.3438854008795,10.5544169470076,0,0,0,0,0,0,0,50,42.7272026415835,50,50,0,30,30,30,0,11.3362989370013,16.9788351804104,30,6.69818512608997,30,0,30,30,0.357159292765415,3.78823626538189,30,5.74657561920147,27.9375408736616,30,13.014200134264,30,0,30,30,30,29.6278986920687,30,30,0.3,0,0.0073119863850524,0,0,0,0,0,0,0.3,0.3,0.3,0.0150317837376454,0,0,0,0,0.00461534416163793,0,0,0,0.282994122430392,0.3,0,0,0,0.3,0,-47.5
"47",50,41.7331534292982,9.6954940237499,4.13670199584879,50,50,50,50,0,50,0,50,50,0,50,25.4139999834487,11.7785416739166,0,0,0,0,0,0,4.14546886657118,50,42.1172942656457,50,50,0,30,30,30,0,7.29155584605575,22.6648830637268,30,10.7954160883729,30,0,30,30,8.53261444199482,12.361543539761,30,16.8098542653988,27.5944703506199,30,8.24570250492337,30,0,30,30,30,29.4697653765634,30,30,0.3,0,0.0633457766824667,0,0,0,0,0,0,0.3,0.3,0.3,0.011234504399632,0,0,0,0,0.00676294134607678,0,0,0,0.198167817205482,0.3,0,0,0,0.3,0,-38.6
"48",49.926506562367,39.4360423802721,7.04339664107533,3.01529994139975,50,50,50,50,0,50,0,50,50,0,50,23.0556228991851,11.9399051606155,0,0,0,0,0,0,0.102490732550821,50,41.5125398131068,50,50,0,29.8169282697097,30,30,0,8.43135301078486,20.520026998378,30,10.8395664413163,30,0,30,30,6.46121403560054,9.74213980989975,30,13.2859596689302,27.899014502157,30,9.84400649529156,30,0,30,30,30,28.7430503746781,30,30,0.3,0,0.0275022054010684,0,0,0,0,0,0,0.3,0.3,0.3,0.0111018363009314,0,0,0,0,0,0,0,0,0.230996328918193,0.3,0,0,0,0.3,0,-41.5
"49",50,39.1975595107788,9.59585204121584,3.43572760520901,50,50,50,50,0,50,0,50,50,0,50,24.454693193234,11.7205321311632,0,0,0,0,0,0,2.670394091737,50,41.9638202776377,50,50,0,30,30,30,0,8.30621296536569,20.6932111947067,30,11.8189747944632,30,0,30,30,6.18818963237724,10.2429267552441,30,13.9134413615798,27.7323406743242,30,9.13571079065618,30,0,30,30,30,29.3873138218309,30,30,0.3,0,0.0458270280922538,0,0,0,0,0,0,0.3,0.3,0.3,0.00973900343809003,0,0,0,0,0.0232509251961644,0,0,0,0.2265606335741,0.3,0,0,0,0.3,0,-38.2
"50",50,36.108336047533,3.15662503949308,3.38672256806526,50,50,50,50,0,50,0,50,50,0,50,19.2941660058386,11.4810465871374,0,0,0,0,0,0,0.954189081936581,50,42.458932768477,50,50,0,29.3737514920396,30,30,0,9.36522127558294,18.6675248993459,30,12.6316367049166,30,0,30,30,3.77813039538292,6.83328323635419,30,10.3849060649648,27.7389509447343,30,10.3105395020743,30,0,30,30,30,28.9438296190019,30,30,0.3,0,0.0345722240422505,0,0,0,0,0,0,0.3,0.3,0.3,0.012530610451894,0,0,0,0,0,0,0,0,0.257698171967631,0.3,0,0,0,0.3,0,-42.6
"51",50,50,28.4808434092343,4.16295544317428,50,50,50,50,0,50,0,50,50,0,50,43.4593787600146,5.71548850774536,0,0,0,0,0,0,8.5468318516437,50,30.7766736188557,50,50,0,30,30,30,0,0,30,30,1.78391957545777,30,0,30,30,14.5979562769788,26.2808010758797,30,29.1352375557933,27.3287761780302,30,0,30,0,30,30,30,26.4972331484193,30,30,0.3,0,0.0944016696330072,0,0,0,0,0,0,0.3,0.3,0.3,0,0,0,0,0,0,0,0,0,0.0745839056908221,0.3,0,0,0,0.3,0,-49.5
"52",50,44.8212712424428,14.330119492115,4.474027827141,50,50,50,50,0,50,0,50,50,0,50,29.3093577887487,12.5541030670896,0,0,0,0,0,0,4.68119525251261,50,40.7274753423874,50,50,0,29.9147685447546,30,30,0,7.53218933272211,24.020631360705,30,10.9058611059487,30,0,30,30,9.83325379459529,13.6775475317276,30,17.8379248042276,28.3542317428317,30,7.40954432192048,30,0,30,30,30,29.0788400214426,30,30,0.3,0,0.0687391620860775,0,0,0,0,0,0,0.3,0.3,0.3,0.00815259335119521,0,0,0,0,0.0200111915485674,0,0,0,0.18556433788004,0.3,0,0,0,0.3,0,-37
"53",50,38.2241146874339,0.648296664041204,4.88429003819384,50,50,50,50,0,50,0,50,50,0,50,20.2119307678417,11.4810036784133,0,0,0,0,0,0,4.222385079066,50,43.9039956344866,50,50,0,29.6801819020066,30,30,0,10.9266547294395,19.5027025925097,30,11.6857161606983,30,0,30,30,4.55794526164959,9.15361109357129,30,14.6885727786556,27.4265298408802,30,9.46381291049147,30,0,30,30,30,28.6152421796856,30,30,0.3,0,0.0672745610823676,0,0,0,0,0,0,0.3,0.3,0.3,0.0141593042637162,0,0,0,0,0,0,0,0,0.221493950230302,0.3,0,0,0,0.3,0,-39.9
"54",50,50,31.4180300163127,4.76931478642327,50,50,50,50,0,50,0,50,50,0,50,33.674033074293,18.9677709941182,0,0,0,0,0,0,5.96538115668562,50,32.0116492361456,50,50,0,29.709505360218,30,30,0,3.9130515518828,29.5814905397758,30,11.1522901593752,30,0,30,30,15.980661566469,18.2497708531765,30,21.4203519611567,29.4890168409897,30,4.84972465224358,30,0,30,30,30,27.6123722597579,30,30,0.3,0,0.0937208924103528,0,0,0,0,0,0,0.3,0.3,0.3,0.00356871658439031,0,0,0,0,0.0842467982753629,0,0,0,0.131821276383312,0.3,0,0,0,0.3,0,-42.8
"55",50,41.5382747074962,5.66615073844086,5.64361521801837,50,50,50,50,0,50,0,50,50,0,50,17.9345047772859,19.6524691276503,0,0,0,0,0,0,1.12378784258769,50,47.2455910148237,50,50,0,29.6431914988113,30,30,0,8.05307158118522,19.6812550412232,30,18.0356260438391,30,0,30,30,2.73860525921206,4.19061937644991,30,6.44486889403816,28.003675952377,30,10.8789728306514,30,0,30,30,30,30,30,30,0.3,0,0.050342281213295,0,0,0,0,0,0,0.3,0.3,0.3,0.0153331700511824,0,0,0,0,0.00634876990661809,0,0,0,0.3,0.3,0,0,0,0.3,0,-40.9
"56",49.0470097908596,36.0115396173479,17.698545762325,5.33389135969646,50,50,50,49.8239677568206,0,50,0,50,50,0,41.8810395750769,24.6506269175709,17.7983827188269,0,0,0,7.3116864209216,0,0.0740637953423517,4.0355438609757,50,37.5081690874533,50,50,0,29.4919766984584,30,30,0.260426063268492,8.74215847638299,21.274391495975,30,13.3891578093811,30,0,30,30,6.8870027416281,11.0514773248308,30,12.8703780288772,28.0310505399519,30,8.51595801633942,30,0,29.7840946009686,30,30,29.0170718716594,29.3941551101468,30,0.299339707685932,0,0.0537772399333812,0,0.000344894383965626,0,0,0.00194965678609259,0,0.3,0.3,0.3,0.0071798386266038,0,0,0,0.00750863807153654,0.0594711535850839,0,0,0,0.219578864880355,0.3,0,0,0.0389392842109327,0.3,0,-39.8
"57",50,38.1990067354478,4.14040656081617,3.47464660722886,50,50,50,50,0,50,0,50,50,0,50,22.1232563349173,9.78469098198279,0,0,0,0,0,0,2.54277490964654,50,43.5443156068292,50,50,0,29.405563487787,30,30,0,8.6909204367942,19.7164719969017,30,11.4821728772873,30,0,30,30,4.81975225405737,9.56474764859224,30,13.5951316983508,27.8678781069277,30,10.5448584181232,30,0,30,30,30,29.9488048041118,30,30,0.3,0,0.0455702492595135,0,0,0,0,0,0,0.3,0.3,0.3,0.0128253523901562,0,0,0,0,0,0,0,0,0.237694945698686,0.3,0,0,0,0.3,0,-39.6
"58",50,39.8671667197065,5.61602395556997,5.06888784548381,50,50,50,50,0,50,0,50,50,0,50,22.5284520239975,12.1172730560743,0,0,0,0,0,0,3.02864544662923,50,42.9252675089339,50,50,0,29.9624222540214,30,30,0,8.12984560283403,20.325962986072,30,12.054738016221,30,0,30,30,6.72582391958437,10.2990233005951,30,14.5971533571328,27.5657604869417,30,9.62380790980542,30,0,30,30,30,29.2139478051603,30,30,0.3,0,0.0571922534422564,0,0,0,0,0,0,0.3,0.3,0.3,0.0122686727043659,0,0,0,0,0.00389976728163146,0,0,0,0.221505297442825,0.3,0,0,0,0.3,0,-37.7
"59",50,40.1281805045872,4.66116349419154,3.53554173356192,50,50,50,50,0,50,0,50,50,0,50,22.3086132375055,10.6461764768736,0,0,0,0,0,0,2.63067377179323,50,43.8257356820815,50,50,0,29.4497911640483,30,30,0,8.58156264187838,19.9887211705013,30,11.6734777716261,30,0,30,30,5.06571746180418,9.2730632537405,30,13.5261303400234,28.1322949431894,30,9.82452459104208,30,0,30,30,30,30,30,30,0.3,0,0.0435926880831245,0,0,0,0,0,0,0.3,0.3,0.3,0.0124923992033988,0,0,0,0,0,0,0,0,0.237616997578118,0.3,0,0,0,0.3,0,-39.5
"60",50,41.8144705523039,10.9007611977204,3.62498813331718,50,50,50,50,0,50,0,50,50,0,50,25.3210070710245,12.395734895917,0,0,0,0,0,0,3.59544711384381,50,41.0258954838043,50,50,0,29.7345617227943,30,30,0,7.34834943197817,22.1962765832854,30,11.0319737092678,30,0,30,30,7.34349812112758,11.6234524983054,30,15.5304304721658,28.1365723356992,30,8.54736365605015,30,0,30,30,30,29.1173773189383,30,30,0.3,0,0.0551484832908755,0,0,0,0,0,0,0.3,0.3,0.3,0.00978111080606822,0,0,0,0,0.00133314655225122,0,0,0,0.210875738365961,0.3,0,0,0,0.3,0,-38.1
