"","accuracy","NA","NA","NA","NA","NA","NA","NA","NA","NA","NA","NA","NA","NA","NA","NA","NA","NA","NA","NA","NA","NA","NA","NA","NA","NA","NA","NA","NA","NA","NA","NA","NA","NA","NA","NA","NA","NA","NA","NA","NA","NA","NA","NA","NA","NA","NA","NA","NA","NA","NA","NA","NA","NA","NA","NA","NA","NA","NA","NA","NA","NA","NA","NA","NA","NA","NA","NA","NA","NA","NA","NA","NA","NA","NA","NA","NA","NA","NA","NA","NA","NA","NA","NA","NA"
"1",50,50,32.2237325100043,2.61299226203506,50,50,50,50,0,50,0,50,50,0,40.6102291642695,36.8292005921266,15.6507282146655,0,0,0,0,0,0,6.33782511609629,50,32.8658491561308,50,50,0,30,30,30,0,4.50246374531676,28.8791168311064,30,9.82127556964607,30,0,30,30,14.4928821672566,18.5782841180678,30,21.2542672097389,30,30,3.90331903066623,30,0,30,30,30,28.4007311182143,30,30,0.3,0,0.0746489556839111,0,0,0,0,0,0,0.3,0.3,0.3,0,0,0,0,0,0.078735739907044,0,0,0,0.136544867892739,0.3,0,0,0,0.3,0,-41.6
"2",50,47.3005637173112,27.9745182461058,3.63589739246574,50,50,50,50,0,50,0,50,50,0,44.7702365651497,36.820085471115,16.6174665557418,0,0,0,0,0,0,6.01996698833224,50,33.7032960282703,50,50,0,30,30,30,0,4.69202686703652,26.6552394285699,30,14.9802773162242,30,0,30,30,13.6842819581159,17.005863451473,30,17.7365048706798,30,30,2.42021757362356,30,0,30,30,30,30,30,30,0.3,0,0.0557433927253087,0,0,0,0,0,0,0.3,0.3,0.3,0,0,0,0,0,0.0698006939696671,0,0,0,0.155054117881085,0.3,0,0,0,0.3,0,-40.5
"3",50,43.2170521154158,34.66207146539,0.617676008125435,50,50,50,50,0,50,0,50,50,0,34.7499059633641,33.3064026030863,20.5286152242794,0,0,0,4.58555159069719,0,0,4.79870278583901,50,31.2570822961197,50,50,0,30,30,30,0,4.50713159326263,26.3710716859943,30,11.741505517075,30,0,30,30,13.4800272467457,16.4534535113087,30,18.2503621662605,30,30,3.86783970456313,30,0,30,30,30,27.8236326976202,30,30,0.3,0,0.0540205857891058,0,0,0,0,0,0,0.3,0.3,0.3,0,0,0,0,0,0.10337686157866,0,0,0,0.175708228494388,0.3,0,0,0.0160606753680259,0.3,0,-44.4
"4",50,50,22.0704218228579,2.60469644847289,50,50,50,50,0,50,0,50,50,0,49.2485631575901,35.5573832518127,14.5322302105558,0,0,0,0,0,0,6.05163579248415,50,37.1049907204404,50,50,0,30,30,30,0,4.58292571137558,30,30,13.4876360669988,30,0,30,30,14.5183918112389,16.9664007666476,30,19.7127458982829,30,30,4.642357105528,30,0,30,30,30,30,30,30,0.3,0,0.0728521523955015,0,0,0,0,0,0,0.3,0.3,0.3,0,0,0,0,0,0.0625952153423774,0,0,0,0.138967688163048,0.3,0,0,0,0.3,0,-40.9
"5",50,45.8105634398807,33.3602519426705,3.99284783299875,50,50,50,50,0,50,0,50,50,0,37.5832901939575,33.7517328757705,19.4844523010543,0,0,0,1.94640861779106,0,0,6.14289041885038,50,30.0230056098614,50,50,0,30,30,30,0,4.91420117467005,28.0229989709143,30,10.7840316203523,30,0,30,30,13.6576646057025,17.4654028480548,30,19.4853886731978,30,30,5.51212707876492,30,0,30,30,30,27.7612397957775,30,30,0.3,0,0.0779325527739133,0,0,0,0,0,0,0.3,0.3,0.3,0.000383657292075996,0,0,0,0.000376827619537689,0.104339541111866,0,0,0,0.15990706147115,0.3,0,0,0.0187364480679839,0.3,0,-43.2
"6",50,50,33.9505569108597,4.03459883565279,50,50,50,50,0,50,0,50,50,0,39.3975285126549,35.1213417244993,16.9204209848146,0,0,0,0,0,0,4.41086295963351,50,32.8694161669697,50,50,0,30,30,30,0,5.69363989966953,29.5233952673843,30,8.07142043055618,30,0,30,30,14.292437331398,17.603863024707,30,19.8298796544913,30,30,4.55125218109131,30,0,30,30,30,27.8845269846334,30,30,0.3,0,0.0644469418041011,0,0,0,0,0,0,0.3,0.3,0.3,0,0,0,0,0,0.079833109725704,0,0,0,0.156167667829957,0.3,0,0,0,0.3,0,-41.3
"7",50,43.9499023161542,34.566766109418,4.43349238536053,50,50,50,50,0,50,0,50,50,0,36.1112815348951,32.4581428081372,20.312663578674,0,0,0,4.31920637328805,0,0,7.73479812626502,50,29.6134886538395,50,50,0,30,30,30,0,4.86251772191276,27.5245506773821,30,10.5811412209215,30,0,30,30,13.5494454841857,16.8742734130826,30,18.7918914471316,30,30,5.94121763865234,30,0,30,30,30,25.8366131444661,30,30,0.3,0,0.0723521763675421,0,0,0,0,0,0,0.3,0.3,0.3,0,0,0,0,0,0.114029753814533,0,0,0,0.16656877471031,0.3,0,0,0.0209447164907427,0.3,0,-45
"8",50,50,36.9742075778482,0,50,50,50,50,0,50,0,50,50,0,47.2076552084068,43.9522486738523,15.4454450318989,0,0,0,0,0,0,4.34017046039612,50,25.5775816044932,50,50,0,30,30,30,0,6.28747471402861,30,30,6.64628058361987,30,0,30,30,18.5347625399451,23.5447062178911,30,25.4143225615623,30,30,5.02767671091071,30,0,30,30,30,24.005391608094,30,30,0.3,0,0.0445456497010621,0,0,0,0,0,0,0.3,0.3,0.3,0,0,0,0,0,0.0219438432292165,0,0,0,0.129879412408825,0.3,0,0,0,0.3,0,-41.5
"9",49.6440848603046,41.1884159376848,31.7807972720231,5.16620077744108,50,50,50,50,0,50,0,50,49.9373842257032,0,37.1181371982212,31.4516824263016,22.1076096581942,0,0,0,4.384626336834,0,0,6.0627913454442,50,29.9859600451104,50,50,0,30,30,30,0,5.34229821031558,26.4650173291408,30,12.4343756093186,30,0,30,30,13.0682940535741,15.6924091234567,30,17.5256567364373,30,30,5.3578456760136,30,0,30,30,30,28.2169451336237,30,30,0.299325827506018,0,0.0771549304281137,0,0,0,0,0,0,0.3,0.3,0.3,0,0,0,0,0,0.11147174252325,0,0,0,0.175426374481021,0.3,0,0,0.0330142732315293,0.3,0,-43.1
"10",50,50,33.4650428878814,0,50,50,50,50,0,50,0,50,50,0,42.3635432617829,34.7970053542899,14.1932447944034,0,0,0,0,0,0,5.05492276963307,50,33.0162200853327,50,50,0,30,30,30,0,2.36733949974621,30,30,5.95097267634278,30,0,30,30,13.9697895972437,20.2082145095288,30,21.1073255226484,30,30,7.52471422619599,30,0,30,30,30,28.538210585527,30,30,0.3,0,0.0522014021696976,0,0,0,0,0,0,0.3,0.3,0.3,0,0,0,0,0.00160439951881782,0.0618917515356738,0,0,0,0.148820575748342,0.3,0,0,0,0.3,0,-43.6
"11",50,47.123823805992,32.3392515403604,2.48280161248671,50,50,50,50,0,50,0,50,50,0,39.3656083302131,34.1153185138362,17.722077083465,0,0,0,0.437400911656287,0,0,4.58259203066127,50,33.3093242445231,50,50,0,30,30,30,0,3.94825454065721,27.1398166656083,30,10.8216996677802,30,0,30,30,13.4929658555169,16.2052396884017,30,18.5532851757619,30,30,4.11118109963265,30,0,30,30,30,28.359335616305,30,30,0.3,0,0.057905577009142,0,0,0,0,0,0,0.3,0.3,0.3,0,0,0,0,0,0.0837759773658409,0,0,0,0.157027115702678,0.3,0,0,0,0.3,0,-42.3
"12",50,49.1457152477123,19.9546769195892,5.08305425990965,50,50,50,50,0,50,0,50,50,0,42.5638590402964,33.6463257546175,9.90003027359755,0,0,0,0,0,0,8.84057948040261,50,45.7507240774584,50,50,0,30,30,30,0,8.94543511302074,29.0990895853473,30,13.1807418306834,30,0,30,30,18.3175526649099,16.428790469322,30,21.9579846778679,30,30,5.29516040426296,30,0,30,30,30,30,30,30,0.3,0,0.113906335492741,0,0,0,0,0,0,0.3,0.3,0.3,0,0,0,0,0,0.0365362501227772,0,0,0,0.137603965742012,0.3,0,0,0,0.3,0,-41.6
"13",50,50,29.6799135787791,2.73469375539938,50,50,50,50,0,50,0,50,50,0,46.4128490283449,35.2153496752346,13.9896630617301,0,0,0,0,0,0,5.79036745603333,50,33.8586745697623,50,50,0,30,30,30,0,4.2829539454245,27.677250023976,30,10.400909775091,30,0,30,30,16.5960269916577,16.7665160996385,30,21.844617038973,30,30,3.24928056387267,30,0,30,30,30,28.7883652726844,30,30,0.299940467054568,0,0.0797634897147732,0,0,0,0,0,0,0.3,0.3,0.3,0,0,0,0,0,0.0638443076008023,0,0,0,0.140844088938818,0.3,0,0,0,0.3,0,-41.2
"14",50,50,36.7796829180738,0.81743598422126,50,50,50,50,0,50,0,50,50,0,38.0101038296271,34.4432342576812,16.3902980635672,0,0,0,0,0,0,8.56898268681333,50,28.9021655245371,50,50,0,30,30,30,0,3.5514801978269,30,30,7.11394368567808,30,0,30,30,13.9866038478749,19.9996332906433,30,21.4231284077634,30,30,5.89413655148513,30,0,30,30,30,25.7990904464128,30,30,0.3,0,0.0695960806273456,0,0,0,0,0,0,0.3,0.3,0.3,0,0,0,0,0,0.0769373665857889,0,0,0,0.149835565809882,0.3,0,0,0,0.3,0,-42.5
"15",50,50,33.5278362930997,1.5016981659202,50,50,50,50,0,50,0,50,50,0,43.440898113893,38.2781183965352,13.244412837778,0,0,0,0,0,0,7.29222098483436,50,32.7305348036951,50,50,0,30,30,30,0,4.90679690594837,30,30,6.50885067016009,30,0,30,30,13.8814944683706,19.5145211836896,30,23.4084492068299,30,30,4.3345486951781,30,0,30,30,30,27.7579952904147,30,30,0.3,0,0.0738163431272189,0,0,0,0,0,0,0.3,0.3,0.3,0,0,0,0,0,0.04451907454365,0,0,0,0.115658430768062,0.3,0,0,0,0.3,0,-41.5
"16",50,48.8299075094722,34.8573653100936,1.49588767120917,50,50,50,50,0,50,0,50,50,0,36.9890466249567,34.1258603117491,17.9139524233815,0,0,0,0.764487890917314,0,0,5.74816636534526,50,31.1429074511678,50,50,0,30,30,30,0,4.77689067015236,28.3308149703209,30,9.71275922768998,30,0,30,30,13.3788894261741,17.1180570756858,30,20.2453587491269,30,30,5.20396172526037,30,0,30,30,30,27.3667066936837,30,30,0.3,0,0.0613582681079121,0,0,0,0,0,0,0.3,0.3,0.3,0,0,0,0,0,0.0937352480668921,0,0,0,0.162550079085951,0.3,0,0,0,0.3,0,-40.4
"17",50,49.9427946744946,29.5515900731412,3.86755346253051,50,50,50,50,0,50,0,50,50,0,45.1872258615988,34.5191120499331,15.1576887362707,0,0,0,0,0,0,6.50570535593086,50,32.9876950091317,50,50,0,30,30,30,0,4.03684415705267,28.7491546319017,30,10.5819909565972,30,0,30,30,13.6063312903332,18.6476589009417,30,20.3713707734688,30,30,6.16556199478002,30,0,30,30,30,26.7633744015529,30,30,0.3,0,0.0755929218178643,0,0,0,0,0,0,0.3,0.3,0.3,0,0,0,0,0,0.0776861043098509,0,0,0,0.138692186525995,0.3,0,0,0,0.3,0,-41.6
"18",50,37.7663776202645,29.4883897550376,6.22559435553988,50,50,50,50,0,50,0,50,50,0,37.7366714075257,28.5974667338647,23.039172112323,0,0,0,7.67994678349077,0,0,2.37384799175245,50,31.4143567408397,50,50,0,29.8003752629219,30,30,0,5.85279238236394,23.0107171117172,30,13.2526321134054,30,0,30,30,11.4189095658938,13.2447618342522,30,15.5555345582699,30,30,4.99418207770923,30,0,30,30,30,26.4173275025426,30,30,0.3,0,0.0671286558356307,0,0,0,0,0,0,0.3,0.3,0.3,0,0,0,0,0,0.114143745023304,0,0.00625597284692608,0,0.179462774040177,0.3,0,0,0.0167028485548303,0.3,0,-46.3
"19",50,45.4522345739376,35.6086702470969,1.47763843830162,50,50,50,50,0,50,0,50,50,0,34.8946122409356,32.736979624865,19.3397352369631,0,0,0,3.24389688706427,0,0,3.95467435145367,50,30.4892910487274,50,50,0,30,30,30,0,4.51455378839998,27.3119455376578,30,10.323920889135,30,0,30,30,12.7514254823328,16.1471962374639,30,18.1307232174991,30,30,5.34585424503054,30,0,30,30,30,26.5636589563588,30,30,0.3,0,0.056141603568149,0,0,0,0,0,0,0.3,0.3,0.3,0,0,0,0,0.000222058846180167,0.104658715811958,0,0,0,0.176317115041899,0.3,0,0,0,0.3,0,-44.2
"20",50,50,43.5819992152868,0,50,50,50,50,0,50,0,50,50,0,50,35.2463988656157,10.7200599039828,0,0,0,0,0,0,4.60993735143765,50,11.4451893400244,50,50,0,30,30,30,0,0.755606533841722,27.8440400112208,30,7.644843104748,30,0,30,30,21.9844415143309,13.7843796458191,30,21.1227139072056,30,30,8.87118994381091,30,0,30,30,30,26.4485265728326,30,30,0.3,0,0.0268832550236386,0,0,0,0,0,0,0.3,0.3,0.3,0,0,0,0,0,0.0948350415616358,0,0,0,0.211457092490078,0.3,0,0,0,0.3,0,-43.5
"21",50,47.2939652700833,23.3900527164582,3.75321889700141,50,50,50,50,0,50,0,50,50,0,48.3100502597301,35.1964778165543,15.3291543448123,0,0,0,0,0,0,4.76453543982649,50,36.9372392884213,50,50,0,29.9969158836667,30,30,0,5.47767855416971,27.2570105187818,30,12.413386101843,30,0,30,30,13.9739716718743,16.7239946124136,30,19.6999297611047,29.279931926161,30,2.9462910823251,30,0,30,30,30,29.4552706383825,30,30,0.3,0,0.0760834749531604,0,0,0,0,0,0,0.3,0.3,0.3,0,0,0,0,0,0.0520507633493391,0,0,0,0.138125545320583,0.3,0,0,0.00374268314646787,0.3,0,-40.8
"22",50,50,38.3040686522229,0,50,50,50,50,0,50,0,50,50,0,37.4322323889564,48.177287679394,9.36341947384969,0,0,0,0,0,0,0.0764180636497276,50,28.3321142301019,50,50,0,30,30,30,0,0,30,30,0,30,0,30,30,13.8830243288167,29.5546723008638,30,30,30,30,2.01437391244951,30,0,30,30,30,30,30,30,0.3,0,0.0929313853179741,0,0,0,0,0,0,0.3,0.3,0.3,0,0,0,0,0,0.0364623004164137,0,0,0,0.0542886924111731,0.3,0,0,0,0.3,0,-52.2
"23",50,50,34.1859880957902,1.33654265377181,50,50,50,50,0,50,0,50,50,0,36.6616312634403,36.4337030995883,17.1249398390348,0,0,0,1.22236176318966,0,0,6.94634506820118,50,33.2158425542349,50,50,0,30,30,30,0,2.33597236245753,29.7451328404734,30,9.06784345894989,30,0,30,30,11.2582455312318,17.4659012678916,30,20.270840921233,30,30,6.31859666798432,30,0,30,30,30,26.2995013747277,30,30,0.3,0,0.0665596163655618,0,0,0,0,0,0,0.3,0.3,0.3,0,0,0,0,0,0.0806562663911681,0,0,0,0.162644781619061,0.3,0,0,0,0.3,0,-42.1
"24",50,47.5968382715338,33.8467165070463,0,50,50,50,50,0,50,0,50,50,0,38.5779103486147,30.7617871186152,17.6780874645541,0,0,0,2.08484227789955,0,0,6.50520144677545,50,30.7976823966703,50,50,0,30,30,30,0,3.90036693046581,27.9384075625207,30,8.09769965755134,30,0,30,30,11.2048208324299,17.4145567115867,30,19.2845004162052,30,30,6.26585016665226,30,0,30,30,30,26.8854975184673,30,30,0.3,0,0.0634192212017843,0,0,0,0,0,0,0.3,0.3,0.3,0,0,0,0,0,0.0862722227464414,0,0,0,0.162850962994946,0.3,0,0,0,0.3,0,-44
"25",50,50,26.9809110629755,2.90097291600999,50,50,50,50,0,50,0,50,50,0,50,38.4235013791963,11.1257292306869,0,0,0,0,0,0,8.04950724505036,50,31.5670900159966,50,50,0,30,30,30,0,4.18747346350495,30,30,8.02266539941583,30,0,30,30,14.5584137616633,21.6943137703489,30,25.3390713306691,30,30,3.88234149325916,30,0,30,30,30,29.47129552371,30,30,0.3,0,0.0954793735953553,0,0,0,0,0,0,0.3,0.3,0.3,0,0,0,0,0,0.024319688363886,0,0,0,0.098986726513911,0.3,0,0,0,0.3,0,-40.3
"26",50,40.9361983485991,28.0448036554864,5.63577631901173,50,50,50,50,0,50,0,50,50,0,39.0352676376577,32.2969934735651,20.1053370772952,0,0,0,3.50206881476886,0,0,3.39421952112046,50,33.845339321034,50,50,0,29.7373891218884,30,30,0.112766203160139,5.36397716406693,24.3325978575202,30,13.5603880584946,30,0,30,30,13.3086675908571,14.7036299695848,30,17.1365988179729,30,30,2.98815100384861,30,0,30,30,30,28.6822459173942,30,30,0.3,0,0.0700906579468091,0,0,0,0,0,0,0.3,0.3,0.3,0,0,0,0,0,0.107276552463613,0,0,0,0.160460043826627,0.297255487987932,0,0,0.0360008245845041,0.3,0,-42.1
"27",50,50,36.5242260993259,2.4916799694526,50,50,50,50,0,50,0,50,50,0,42.3997265212802,38.4513008760206,13.8078179333541,0,0,0,0,0,0,9.22334685850713,50,31.5292841083728,50,50,0,30,30,30,0,4.22492437288646,30,30,4.2793033041247,30,0,30,30,15.3533551657807,23.9600446253031,30,26.4750050807091,30,30,4.9432744321076,30,0,30,30,30,27.9194994492741,30,30,0.3,0,0.115626554954751,0,0,0,0,0,0,0.3,0.3,0.3,0,0,0,0,0,0.0574266088681784,0,0,0,0.117223397878433,0.3,0,0,0,0.3,0,-43.8
"28",50,48.0678072629332,21.5267199942219,1.42666109555052,50,50,50,50,0,50,0,50,50,0,41.5901632271821,44.2890110210573,13.5692775373514,0,0,0,0,0,0,4.71844858740409,50,37.158077158277,50,50,0,30,30,30,0,6.68282613763827,30,30,13.3282946118328,30,0,30,30,19.3933080381197,14.8391144560257,30,20.9041255639808,30,30,5.52257838043185,30,0,30,30,30,30,30,30,0.3,0,0.0408618572380534,0,0,0,0,0,0,0.3,0.3,0.3,0,0,0,0,0,0.0661074959430813,0,0,0,0.115859551297315,0.3,0,0,0,0.3,0,-43.2
"29",50,47.1536000304325,37.6724516328417,4.47823916868727,50,50,50,50,0,50,0,50,50,0,40.0651641461032,41.7312125275015,14.232675464625,0,0,0,5.17165615999837,0,0,7.11409509885353,50,35.0103734278744,50,50,0,30,30,30,0,4.15658507048715,28.2767796035198,30,9.9362450268072,30,0,30,30,13.9873574494696,20.0684179552759,30,22.3834724695338,30,30,2.01424036218182,30,0,30,30,30,28.4664002496141,30,30,0.3,0,0.0765263081130313,0,0,0,0,0,0,0.3,0.3,0.3,0,0,0,0,0.000879176752184971,0.0979259047660065,0,0,0,0.127190846366052,0.3,0,0,0.00207516388628129,0.3,0,-44.6
"30",50,49.1426705097938,32.8633958994278,3.15547126910117,50,50,50,50,0,50,0,50,50,0,39.9270037226804,36.2022138240296,16.3417377473978,0,0,0,0,0,0,7.96009964905504,50,30.9496982157944,50,50,0,30,30,30,0,4.31944125772671,29.0262205265662,30,9.75127588463295,30,0,30,30,14.6133420471675,18.9635552680486,30,21.5547360858597,30,30,4.70828203250215,30,0,30,30,30,27.5645654627657,30,30,0.3,0,0.0813030962009763,0,0,0,0,0,0,0.3,0.3,0.3,0,0,0,0,0,0.0852081729700199,0,0,0,0.137597553387788,0.3,0,0,0.00372966519414618,0.3,0,-42.3
"31",50,48.249175085366,21.1738103296603,4.66175061552834,50,50,50,50,0,50,0,50,50,0,42.7780689355468,40.5091577452262,18.0256423754098,0,0,0,0,0,0,4.8856761175685,50,34.1070686864883,50,50,0,30,30,30,0,7.53469876609556,28.3384945255401,30,12.7187453144943,30,0,30,30,16.3803962282588,17.1732893462352,30,21.6167278504453,30,30,0.830352935637158,30,0,30,30,30,30,30,30,0.3,0,0.0766776916327019,0,0,0,0,0,0,0.3,0.3,0.3,0,0,0,0,0,0.0743540220080028,0,0,0,0.112754351320955,0.3,0,0,0,0.3,0,-44.4
"32",50,37.3792527121017,32.9592613745352,2.81511905305555,50,50,50,50,0,50,0,50,49.8578065839363,0,32.7550664106189,33.0784447656887,23.694768381192,0,0,0,7.65683275960331,0,0,3.63916128420117,50,32.4735491776931,50,50,0,29.3126962707338,30,30,2.25409905618122,5.03371810302091,23.6070116105542,30,14.6947464964908,30,0,30,30,14.2448915046974,14.6819009178707,30,14.6543331595675,27.6710973204187,30,3.47656978932163,30,0,30,30,30,28.1474977179335,30,30,0.3,0,0.0562901164929377,0.00197746047143653,0,0,0,0,0,0.3,0.3,0.3,0,0,0,0,0,0.128414308862785,0,0,0,0.182055679835894,0.3,0,0,0.0493577407803496,0.3,0,-44.6
"33",50,49.3575278576696,32.527942672834,4.25228656044888,50,50,50,50,0,50,0,50,50,0,48.1070347962144,32.3804141123256,11.2663529063654,0,0,0,0,0,0,8.10429932581542,50,33.9763792989699,50,50,0,30,30,30,0,4.4374153410536,30,30,8.9231889669534,30,0,30,30,17.4722275739825,20.0409112471025,30,23.7754128412527,30,30,4.9516907953206,30,0,30,30,30,28.3379686562198,30,30,0.3,0,0.104256944100498,0,0,0,0,0,0,0.3,0.3,0.3,0,0,0,0,0,0.0724007755520968,0,0,0,0.108942671098542,0.3,0,0,0,0.3,0,-42.7
"34",50,50,29.5970549893021,3.70031311343174,50,50,50,50,0,50,0,50,50,0,47.9271291428367,32.2931766842225,20.225088071709,0,0,0,0,0,0,7.66839209369645,50,29.5922544774706,50,50,0,30,30,30,0,6.12763214472765,30,30,10.4265134521711,30,0,30,30,15.4618597268332,21.393760644614,30,22.7752720154016,30,30,5.28091225357536,30,0,30,30,30,27.9278432332191,30,30,0.3,0,0.0722424891464084,0,0,0,0,0,0,0.3,0.3,0.3,0,0,0,0,0.00130699282824791,0.0677597179254301,0,0,0,0.169040850298338,0.3,0,0,0,0.3,0,-41.1
"35",50,50,34.1802729148679,1.75248539832292,50,50,50,50,0,50,0,50,50,0,38.5036241529912,35.7385373060822,16.1190030599932,0,0,0,0,0,0,6.19194780168252,50,29.3725732622669,50,50,0,30,30,30,0,3.65068267724027,29.2013139473664,30,7.44194185195078,30,0,30,30,13.8123234849388,19.1828185524072,30,21.2210514824445,30,30,5.24449952757922,30,0,30,30,30,27.2309500398224,30,30,0.3,0,0.0658677036201161,0,0,0,0,0,0,0.3,0.3,0.3,0,0,0,0,0.00135544465079999,0.0810783154343617,0,0,0,0.152049530789668,0.3,0,0,0,0.3,0,-42.5
"36",50,50,34.0022868756344,0,50,50,50,50,0,50,0,50,50,0,44.153251142068,36.5906299213841,12.9567982360032,0,0,0,0,0,0,6.24481156258565,50,30.0814070135936,50,50,0,30,30,30,0,3.52173995160236,30,30,5.67798620856447,30,0,30,30,13.4910445286752,21.1158501270133,30,23.8536610366027,30,30,5.41044240465484,30,0,30,30,30,27.3814988783121,30,30,0.3,0,0.0810871540068535,0,0,0,0,0,0,0.3,0.3,0.3,0,0,0,0,0,0.0569314204372091,0,0,0,0.131049813066453,0.3,0,0,0,0.3,0,-43.9
"37",50,50,26.4320078605582,1.34345169077717,50,50,50,50,0,50,0,50,50,0,46.7252513598927,37.022792153437,13.8152018807206,0,0,0,0,0,0,8.12200028684985,50,37.1556298511637,50,50,0,30,30,30,0,4.49940299410064,28.6862335078728,30,10.6218627377249,30,0,30,30,14.4525653233507,17.5997719620724,30,21.1697168505805,30,30,5.11374372147301,30,0,30,30,30,29.6839987475512,30,30,0.3,0,0.0703419296385099,0,0,0,0,0,0,0.3,0.3,0.3,0,0,0,0,0,0.056542256827851,0,0,0,0.132363930288577,0.3,0,0,0,0.3,0,-41.6
"38",50,50,32.5458049892953,0,50,50,50,50,0,50,0,50,50,0,38.0960120156567,33.7312753025188,14.0648692849693,0,0,0,0,0,0,3.62223071210266,50,29.1451752901624,50,50,0,30,30,30,0,3.73026081684148,30,30,8.90079692987466,30,0,30,30,12.7854941336021,17.1135794024835,30,21.9287893878565,30,30,4.03545738543542,30,0,30,30,30,28.1187360763157,30,30,0.3,0,0.0501435747603383,0,0,0,0,0,0,0.3,0.3,0.3,0,0,0,0,0,0.0714408199336277,0,0,0,0.139064693613482,0.3,0,0,0,0.3,0,-43.8
"39",50,50,27.342638559785,3.86007837255042,50,50,50,50,0,50,0,50,50,0,46.4834865995351,39.2568048385427,13.3800306544194,0,0,0,0,0,0,6.61495457633117,50,36.0985583243638,50,50,0,30,30,30,0,5.10549999061747,30,30,9.87835139200059,30,0,30,30,16.5523616224822,18.0812394499566,30,22.6530458436484,30,30,3.52218724892274,30,0,30,30,30,29.860569157479,30,30,0.3,0,0.0870992262069501,0,0,0,0,0,0,0.3,0.3,0.3,0,0,0,0,0,0.0746023641258736,0,0,0,0.117621389357323,0.3,0,0,0,0.3,0,-42
"40",50,31.6418241788932,26.8922367156081,9.29065388912848,50,50,50,50,0,50,0,50,48.885822023477,0,34.4572761383089,27.4170089762619,23.0376673837088,0,0,0,10.6698263025421,0,0,1.75823427909881,50,32.7904829009889,50,50,0,30,30,30,0,6.30605518983108,21.388930963768,30,16.5470093983494,30,0,30,30,14.5906486976735,12.18634237627,30,13.5032939669791,30,30,3.13198938677361,30,0,30,30,30,28.1769584194519,30,30,0.298925188361113,0,0.0709439194213928,0,0,0,0,0,0,0.3,0.3,0.3,0.00278826414844599,0,0,0,0,0.125420494275569,0,0.000899588346999445,0,0.204979645178294,0.3,0,0,0.0409041512872433,0.3,0,-45.2
"41",50,50,26.9709400684946,4.76800379950433,50,50,50,50,0,50,0,50,50,0,43.5844880142307,36.2772396875636,15.9381003841701,0,0,0,0,0,0,5.85352566815727,50,33.7825324898572,50,50,0,30,30,30,0,5.65405533962508,29.0835890630709,30,9.90518707663336,30,0,30,30,14.1345527996846,19.164879017976,30,21.8663714487772,30,30,3.58473158818589,30,0,30,30,30,29.2368086177498,30,30,0.3,0,0.0879259090744563,0,0,0,0,0,0,0.3,0.3,0.3,0,0,0,0,0,0.0595677122814063,0,0,0,0.12333417074656,0.3,0,0,0,0.3,0,-41.5
"42",50,41.3048352580097,20.5655507124413,2.50023225356428,50,50,50,50,0,50,0,50,50,0,49.1841400078982,28.9749427035024,14.6660068480384,0,0,0,0,0,0,3.86599060655569,50,36.3353964971319,50,50,0,29.4312383043447,30,30,0,6.66766222368563,23.5878999953107,30,11.1309242306433,30,0,30,30,8.99025571612202,13.1124025969582,30,15.7308930411269,28.0790841606573,30,7.20412156016218,30,0,30,30,30,28.095960752091,30,30,0.3,0,0.051179553383616,0,0,0,0,0,0,0.3,0.3,0.3,0.0073957555244683,0,0,0,0,0.046389222171469,0,0,0,0.201192351699714,0.3,0,0,0,0.3,0,-39.7
"43",50,49.8346556591063,39.131396412739,1.27393103754671,50,50,50,50,0,50,0,50,50,0,38.3055269921787,31.8667636963313,23.7310133426514,0,0,0,1.72553626731906,0,0,0,50,29.6975864105075,50,50,0,30,30,30,0,0.0547176221810092,29.3632416526404,30,8.1685693328651,30,0,30,30,15.2483696827046,13.77334892523,30,14.3968494614342,30,30,3.86839999217476,30,0,30,30,30,26.0019058893497,30,30,0.3,0,0.0226549589298279,0,0,0,0,0,0,0.3,0.3,0.3,0,0,0,0,0,0.11243895458135,0,0,0,0.216521001760647,0.3,0,0,0.016321883894433,0.3,0,-45.2
"44",50,50,31.4784384446403,8.85650289656957,50,50,50,50,0,50,0,50,50,0,48.3855737889262,34.0465342103571,13.6342052192006,0,0,0,0,0,0,6.82078980897082,50,27.7288709972464,50,50,0,29.724246108053,30,30,0,7.80765755596408,30,30,4.68618700796308,30,0,30,30,17.1920650695669,22.2167952642041,30,25.247689981838,30,30,4.69358645319741,30,0,30,30,30,27.9139956866074,30,30,0.299445907190974,0,0.0859326832872269,0,0,0,0,0,0,0.3,0.3,0.3,0,0,0,0,0.00194827482196171,0.0484400115210413,0,0.000348417980967665,0,0.0876044371979184,0.3,0,0,0,0.3,0,-40.9
"45",50,50,32.5996348631378,0.354632051291826,50,50,50,50,0,50,0,50,50,0,40.8201525077676,35.1606269535675,15.2706364128789,0,0,0,0,0,0,6.7952792276253,50,32.007056540805,50,50,0,30,30,30,0,3.73361225622775,29.3156157636881,30,8.66492608133223,30,0,30,30,13.9904923083999,18.337152509571,30,20.8257877341286,30,30,4.55561379125228,30,0,30,30,30,28.0878288381731,30,30,0.3,0,0.0669361906628232,0,0,0,0,0,0,0.3,0.3,0.3,0,0,0,0,0.00203937990031049,0.078285890259451,0,0,0,0.145793765040898,0.3,0,0,0,0.3,0,-44.2
"46",50,50,32.4726762487504,4.87698523394948,50,50,50,50,0,50,0,50,50,0,40.1265587542441,35.7773267785014,14.7825387746435,0,0,0,0,0,0,6.89723439798674,50,35.5298169936627,50,50,0,30,30,30,0,3.10037001223547,29.4425667755759,30,16.7965719045196,30,0,30,30,15.4300378214399,18.3112284750521,30,22.922522630495,30,30,5.5283520632942,30,0,30,30,30,25.9841810605853,30,30,0.3,0,0.0795986887344099,0,0,0,0,0,0,0.3,0.3,0.3,0,0,0,0,0,0.106644607926648,0,0,0,0.182459676128729,0.3,0,0,0,0.3,0,-41
"47",50,50,31.5881000827969,0,50,50,50,50,0,50,0,50,50,0,44.4840039757762,39.909853157208,13.6301667936359,0,0,0,0,0,0,7.78421523654333,50,32.0661525467068,50,50,0,30,30,30,0,4.39034836922614,29.9138730751445,30,8.45189982382126,30,0,30,30,15.575968830538,20.9746516965986,30,22.8939836617605,30,30,3.39499897877414,30,0,30,30,30,29.3243753834444,30,30,0.3,0,0.0837650686257692,0,0,0,0,0,0,0.3,0.3,0.3,0,0,0,0,0,0.0494336745000474,0,0,0,0.119103127161796,0.3,0,0,0,0.3,0,-43.7
"48",50,50,27.4044611371785,5.3331139965432,50,50,50,50,0,50,0,50,50,0,46.4373657465628,36.5980321727292,17.6459135852415,0,0,0,0,0,0,10.7548854039701,50,33.6362908363571,50,50,0,30,30,30,0.72649562167354,2.91088336070331,29.3123964976362,30,12.3988477849485,30,0,30,30,14.0273503643255,20.0766967163714,30,23.8742378916014,30,30,2.20794419416148,30,0,30,30,30,29.803111951159,30,30,0.3,0,0.124773683214086,0,0,0,0,0,0,0.3,0.3,0.3,0,0,0,0,0,0.109131820364518,0,0,0,0.124094418327934,0.3,0,0,0.014297597199607,0.3,0,-46.5
"49",50,47.7997752399258,29.3483750973583,3.79550286057245,50,50,50,50,0,50,0,50,50,0,43.205352509979,37.0173184455199,16.0681700016537,0,0,0,0,0,0,5.13635669196513,50,35.3156830953565,50,50,0,30,30,30,0,5.33051750026759,27.9445058923918,30,11.8036434198977,30,0,30,30,14.7330241905628,17.5935090918845,30,20.3789450809494,30,30,3.51805639079201,30,0,30,30,30,29.6310219723269,30,30,0.3,0,0.0729545534462087,0,0,0,0,0,0,0.3,0.3,0.3,0,0,0,0,0,0.0724297979551305,0,0,0,0.140278123210723,0.3,0,0,0,0.3,0,-41.3
"50",50,50,36.2418202493459,1.64371803239652,50,50,50,50,0,50,0,50,50,0,37.9925696467847,36.4589228120963,15.2280664330332,0,0,0,0,0,0,7.20342296405862,50,29.5524264859177,50,50,0,30,30,30,0,3.94116541917024,30,30,7.51818822697579,30,0,30,30,14.2502254608287,20.0408421333188,30,22.2990915987716,30,30,4.8062957519001,30,0,30,30,30,26.46938004944,30,30,0.3,0,0.0797126147334663,0,0,0,0,0,0,0.3,0.3,0.3,0,0,0,0,0.000464070423258623,0.0815749788023754,0,0,0,0.136148775513045,0.3,0,0,0,0.3,0,-43.2
"51",44.9347558139923,48.9654310907667,31.6868977545561,8.02553363360593,50,50,50,50,0,50,0,50,50,0,43.502110443489,40.6781781389798,13.4090871078203,0,0,0,4.21862022557286,0,0,5.28762568155429,50,32.9705293478345,50,50,0,30,30,30,0,0,30,30,9.48069177048619,30,0,30,30,17.0109178137664,17.2671808881378,30,19.1964049140705,30,30,0,30,0,30,30,30,28.0154150123932,30,30,0.3,0,0.0953540538246727,0,0,0,0,0,0,0.3,0.3,0.3,0,0.00330935614965359,0,0,0,0.163300058003555,0,0,0,0.162708639769662,0.3,0,0,0,0.3,0,-49.1
"52",50,50,27.1352171847798,6.04103326573127,50,50,50,50,0,50,0,50,50,0,50,42.3205760870767,13.3479161716626,0,0,0,0,0,0,7.44566637758868,50,38.0264770499819,50,50,0,30,30,30,0,8.08297399744604,29.1479075248267,30,10.1339193091878,30,0,30,30,14.9537903842526,19.3597064476825,30,22.9619187205925,30,30,4.69941862251273,30,0,30,30,30,29.4358152105946,30,30,0.298083496325921,0,0.0985976215160532,0,0,0,0,0,0,0.3,0.3,0.3,0.000541880252351408,0,0,0,0,0.0404405438162427,0,0.000455350311309078,0,0.130729063181907,0.299702973349081,0,0,0.0113954642261047,0.3,0,-41.4
"53",50,47.7457611446552,35.1586124144368,0,50,50,50,50,0,50,0,50,50,0,33.2127588139484,35.3094286519923,14.9407220901753,0,0,0,0.178382531254988,0,0,2.08007368311237,50,33.7668858027724,50,50,0,30,30,30,0,0.215664059299136,27.2268746850633,29.65744111501,10.1171827269398,30,0,30,30,13.6894243814933,16.494706175694,30,16.6430232821135,30,30,6.7158233693667,30,0,30,30,30,29.9917314465906,30,30,0.3,0,0.0259503620414619,0,0,0,0,0,0,0.3,0.3,0.3,0,0,0,0,0.00640631145547532,0.109625348875104,0,0,0,0.193985289412949,0.3,0,0,0.0134487087386377,0.3,0,-46.7
"54",50,49.9374009619868,31.6781044696224,3.55816905086743,50,50,50,50,0,50,0,50,50,0,40.403581498314,34.9000464282615,18.3039178444834,0,0,0,0,0,0,5.53881402909184,50,31.5881955195962,50,50,0,30,30,30,0,4.83581880112572,28.6392250203582,30,10.275965406131,30,0,30,30,13.7530036577872,18.4395718753906,30,20.6018277909208,30,30,5.07067648757731,30,0,30,30,30,27.4879457562559,30,30,0.3,0,0.0811676756098852,0,0,0,0,0,0,0.3,0.3,0.3,0,0,0,0,0.00254352686553945,0.0802205949610972,0,0,0,0.145919129009092,0.3,0,0,0,0.3,0,-42.1
"55",50,50,28.4590105639231,0,50,50,50,50,0,50,0,50,50,0,50,36.0758704936909,7.83830877853693,0,0,0,0,0,0,7.29294777080785,50,29.5767293871557,50,50,0,30,30,30,0,5.00626243232823,30,30,3.13801364044754,30,0,30,30,15.0712147646135,22.0548189421267,30,28.3306664034455,30,30,4.97564527394553,30,0,30,30,30,25.7995752267154,30,30,0.3,0,0.068283991985052,0,0,0,0,0,0,0.3,0.3,0.3,0,0,0,0,0.0030596135025321,0.00716069475024064,0,0,0,0.0915375037290995,0.3,0,0,0,0.3,0,-41.9
"56",50,39.0001222263838,36.0522486305764,2.03835451843885,50,50,50,50,0,50,0,50,50,0,34.3176710437774,31.0462762148862,22.207816692327,0,0,0,5.80772086454913,0,0,2.41519066360985,50,29.6123925005307,50,50,0,30,30,30,0,2.32497600146317,22.2127380724086,30,12.4824388172688,30,0,30,30,13.8623983398645,13.0473161710864,30,15.0938227032217,30,30,3.72282518537396,30,0,29.4277722002416,30,30,25.5298225468398,30,30,0.3,0,0.0452899434752014,0,0,0,0,0.00789669663292337,0,0.3,0.3,0.3,0,0,0,0,0,0.128802779441065,0,0,0,0.20688616848793,0.3,0,0,0.0101476251875188,0.3,0,-49.7
"57",50,50,35.2325690200949,1.01238986952424,50,50,50,50,0,50,0,50,50,0,37.3316123806661,34.5237367999499,17.4460752595042,0,0,0,0,0,0,5.86808404817107,50,30.4917783768257,50,50,0,30,30,30,0,3.4061091939927,29.5724163739922,30,8.66002178843907,30,0,30,30,13.2308957975172,17.5331387674244,30,19.5172816603658,30,30,4.41054040522662,30,0,30,30,30,26.9811026762664,30,30,0.3,0,0.0610173359250342,0,0,0,0,0,0,0.3,0.3,0.3,0,0,0,0,0.00443778868061191,0.0826499242370094,0,0,0,0.158208802840489,0.3,0,0,0,0.3,0,-42.5
"58",50,50,35.4286482180686,0,50,50,50,50,0,50,0,50,50,0,39.3022753033439,36.8914929869599,15.1514211761072,0,0,0,0,0,0,6.49341751217611,50,33.1019347084314,50,50,0,30,30,30,0,4.09765511960838,30,30,8.03973770637344,30,0,30,30,13.8054482808304,18.2455224051284,30,21.1619190456233,30,30,3.04246556877797,30,0,30,30,30,28.4818501233217,30,30,0.3,0,0.0617925123516744,0,0,0,0,0,0,0.3,0.3,0.3,0,0,0,0,0,0.0734104224155213,0,0,0,0.141862034500867,0.3,0,0,0,0.3,0,-43.6
"59",49.1634652433826,48.1573494178903,35.4607175845429,1.86112274212942,50,50,50,50,0,50,0,50,50,0,35.7050434341387,33.3767251456366,17.1062480982843,0,0,0,2.30348627886065,0,0,5.90961164419608,50,29.3063812693422,50,50,0,30,30,30,0,3.82649494073955,28.0797181802905,30,8.70730018348997,30,0,30,30,13.4530392936151,18.2660640243385,30,19.493590902059,30,30,5.89732193808888,30,0,30,30,30,26.0601898113938,30,30,0.3,0,0.0733627690285192,0,0,0,0,0,0,0.3,0.3,0.3,0,0,0,0,0,0.0923367865649705,0,0,0,0.152782544141563,0.3,0,0,0,0.3,0,-42.7
"60",47.5905708388737,49.4910531966431,31.656154163451,2.92068199314946,49.763393791283,50,50,50,0,50,0,50,50,0,40.2807628222879,34.9520150352133,16.4530939620009,0,0,0,0,0,0,5.94616399721194,49.9147847754067,30.6292322070499,50,50,0,30,30,30,0,3.97862575750555,28.582971343811,30,10.159734079909,30,0,30,29.9845862124865,14.8699213097461,19.0840146324101,30,20.7413647934551,27.9931029075668,30,3.57406031371289,29.920273212165,0,30,30,30,28.7060753272696,30,30,0.293870835049106,0.000385526595921615,0.0760686922025981,0.0133816297373293,0,0,0,0,0,0.3,0.3,0.3,0.000641838786588575,0,0,0,0,0.0811992820389098,0,0,0,0.150769619556154,0.3,0,0,0.00743774110921565,0.3,0,-42.5
