"","accuracy","NA","NA","NA","NA","NA","NA","NA","NA","NA","NA","NA","NA","NA","NA","NA","NA","NA","NA","NA","NA","NA","NA","NA","NA","NA","NA","NA","NA","NA","NA","NA","NA","NA","NA","NA","NA","NA","NA","NA","NA","NA","NA","NA","NA","NA","NA","NA","NA","NA","NA","NA","NA","NA","NA","NA","NA","NA","NA","NA","NA","NA","NA","NA","NA","NA","NA","NA","NA","NA","NA","NA","NA","NA","NA","NA","NA","NA","NA","NA","NA","NA","NA","NA","NA"
"1",50,33.1213997471225,33.737045721304,6.75561229717507,50,50,50,50,0,50,0,50,50,0,29.3311462775158,25.7571339616195,29.5035526213854,0,0,0,12.2725431533099,0,0,2.80468637220274,50,27.140518005894,50,50,0,30,30,30,0.28786652193647,6.70326983095847,23.4615528329283,30,15.2459124291518,30,0,30,30,11.0272632606128,11.7662986859386,30,12.9344453450559,29.663662205125,30,4.39070801676472,30,0,30,30,30,26.231494082429,30,30,0.3,0,0.0696552732895169,0,0,0,0,0,0,0.3,0.3,0.3,7.04060608770268e-06,0,0,0,0.00514781944052505,0.147570504430845,0,0,0,0.21156136626796,0.3,0,0,0.0709727625887758,0.3,0,-48.1
"2",50,48.8833468491808,31.7728627581577,7.56289102917496,50,50,50,50,0,50,0,50,50,0,28.4982257409039,25.6134233131186,24.7529385195075,0,0,0,3.81316509312099,0,0,3.98575924696781,50,32.6913031334649,50,50,0,30,30,30,0,6.18700243859753,27.6577382678385,30,11.606612835081,30,0,30,30,13.549975788647,13.4791655295804,30,18.9303259849449,30,30,3.65767206294178,30,0,30,30,30,26.8548367120711,30,30,0.3,0,0.0909937569781657,0,0,0,0,0,0,0.3,0.3,0.3,0,0,0,0,0,0.135336708539918,0,0,0,0.147011153593338,0.3,0,0,0.0324818627429277,0.3,0,-44.6
"3",50,35.581317031137,26.5087286682024,4.9554755514383,50,50,50,50,0,50,0,50,48.5591701093332,0,27.5873314247994,21.7624543760525,30.2362146964588,0,0,0,15.1069911700224,0,0,3.17644198847284,50,37.2817299297826,50,50,0,30,30,30,0,5.03004019100573,19.7604193911343,30,16.883293596723,30,0,30,30,14.4007423875659,11.4395162366368,30,15.111202054091,27.238996748576,30,3.51027645179418,30,0,30,30,30,27.8512541799341,30,30,0.285065843653728,0,0.0610803809920742,0,0,0,0,0,0,0.3,0.3,0.3,0,0,0,0,0,0.144662831152582,0,0,0,0.212672335697772,0.3,0,0,0.0584265964741103,0.3,0,-46.3
"4",43.3460503268674,31.3673177244091,34.2496059929693,7.79150231800309,50,50,50,50,0,50,0,50,50,0,25.720739505473,30.3906434164851,26.0818201193843,0,0,0,19.0001552765576,0,0,1.9743888913677,50,32.2400423393489,50,50,0,30,30,30,4.38730785809485,6.22806566634503,17.5482666497733,30,17.4855956947227,30,0,30,30,12.8991609856578,11.4324879434101,30,12.0087715245837,27.9499370515886,30,2.7765225441786,30,0,30,30,30,29.0864037683589,30,30,0.3,0,0.0414019852991556,0,0,0,0,0,0,0.3,0.3,0.3,0.00201479319458906,0,0,0,0.00143192017266899,0.170045256468897,0,0.000483368115959597,0,0.206114561125363,0.3,0,0,0.0996771037018533,0.297391692580732,0,-48.8
"5",50,30.2734291320449,28.1688312181577,5.95798737815295,50,50,50,50,0,50,0,50,50,0,32.1705838193704,28.4595060787356,26.8337539714093,0,0,0,12.2047424348776,0,0,0,50,36.1227480659228,50,50,0,30,30,30,0,6.12855849570958,17.5331603785555,30,18.8894970286597,30,0,30,30,11.5660733176511,8.70618716923721,30,10.0124250379262,29.4661497619421,30,1.91234846757134,30,0,30,30,30,30,30,30,0.29396930182477,0,0.0364436249591603,0,0,0,0,0,0,0.3,0.3,0.3,0.00291152704206377,0,0,0,0,0.135139564450703,0,0,0,0.207530000596507,0.3,0,0,0.0686311196150977,0.3,0,-48.2
"6",42.8971272839232,26.2982036478523,34.6072237195564,12.8301576981537,50,50,50,50,0,50,0,50,49.775177318665,0,32.0054597367598,31.1809952180544,30.8222624746965,0,0,0,12.0315761218162,0.57789150203621,0,0.760430467256312,50,42.1692307556389,50,50,0,30,30,30,3.14736890796096,10.268436912671,21.7974283782844,30,19.942819830629,30,0,30,30,16.2618824908656,7.67965843558142,30,9.33455824960749,21.983225544503,29.7361131960245,6.05581349429596,30,2.67220658347997,30,30,30,28.9692248029651,30,30,0.3,0,0.0576160380062863,0.0305701894952101,0,0,0,0,0.00270527420106124,0.3,0.3,0.3,0.00819768236005196,0,0,0,0,0.146667302688108,0,0,0,0.216138245520943,0.3,0,0,0.125813564863439,0.3,0,-47.5
"7",50,39.8352555469279,30.7986859686956,3.36725345601253,50,50,50,50,0,50,0,50,49.0234506290608,0,34.0836228196554,31.9665048580096,23.0266652346958,0,0,0,4.40649293598731,0,0,0,50,36.246179256965,50,50,0,30,30,30,0,6.39658294773233,22.1729782812688,30,15.3994693256115,30,0,30,30,12.4517822547789,13.4294126663462,30,14.253653218874,30,30,1.44688621161136,30,0,30,30,30,30,30,30,0.3,0,0.0410438381906968,0,0,0,0,0,0,0.3,0.3,0.3,0,0,0,0,0.00849196802274966,0.116713225895779,0,0,0,0.180040165418927,0.3,0,0,0.0102552000423522,0.3,0,-48.2
"8",41.7059323096498,23.3058973713644,34.1085178484299,11.9609411732466,50,50,50,50,0,50,0,50,50,0,16.6809069432834,18.5857145937202,30.066272944173,0,0,0,30.2702503920429,0,0,5.15621928198421,50,33.6164690108841,50,50,0,30,26.8960838905477,30,7.69089498763448,3.92250721515365,11.9318085014285,20.8963429204579,17.8082805468492,30,0,30,30,6.78631385645486,6.30187095521279,28.2330033347387,7.12545960417426,25.7429117477607,29.1330896492847,4.5121936770861,30,0,24.0138931326888,30,30,29.061137286188,23.8987327140396,30,0.3,0,0.0806390714333442,0,0,0,0,0.0809129841289278,0,0.3,0.3,0.3,0,0,0,0,0.0699157123091952,0.22570521025378,0,0,0,0.238378043753732,0.3,0,0,0.171464844274069,0.3,0,-52.7
"9",48.6664239467304,36.6050206036462,32.6348847102229,5.34860878612813,50,50,50,50,0,50,0,50,49.6125151432821,0,29.6973634364087,32.6710408585758,24.050797230649,0,0,0,11.3527463178202,0,0,1.28635785570746,50,35.4489710294521,50,50,0,30,30,30,0,6.02079584985,19.4383826997412,30,16.608113786779,30,0,30,30,13.1092125516333,11.5913830040478,30,13.2920704946753,30,30,1.60818408917668,30,0,30,30,30,29.6825923565037,30,30,0.297407324942784,0,0.0441994162560488,0,0,0,0,0,0,0.3,0.3,0.3,0,0,0,0,0.0115324419314284,0.135113650700357,0,0,0,0.179735843287165,0.3,0,0,0.0581764143642527,0.3,0,-45.9
"10",43.0044148076244,25.2291364180634,35.7306599339068,10.1782630977999,50,50,50,48.9057800784031,0,50,0,48.1384181731026,50,0,22.5479784541273,28.8915322848707,31.0463742612406,1.16920221717371,0,0,21.8450060232245,0,0,3.79551006128992,50,28.059120559692,50,50,0,26.4795952581177,29.2919331648795,30,4.81465461936508,8.44777735347302,17.7182873034294,29.9848527220227,20.3993836564437,30,0,30,28.9395622839364,11.6588646813935,8.62881572260123,30,10.9284000110344,25.6385135178745,30,0.635104178182567,26.7505043573645,2.9386245087707,27.2411230831789,29.7974659875394,29.4961041618263,24.8208937911358,29.4156435629066,30,0.3,0,0.0722642875049178,0.041339092497639,0,0,0.00624525062568333,0,0,0.296750356045389,0.3,0.3,0,0,0.00188536475277678,0,0.00353578230019442,0.190605114255183,0,0.0190728071008382,0,0.21611319429995,0.275464930418178,0.00538332454121731,0,0.160051443330975,0.3,0,-55.4
"11",50,35.1345731285269,27.4605402768328,3.29467314125433,50,50,50,50,0,50,0,50,48.4911382842572,0,40.2593666434613,25.8193240403191,23.911968993153,0,0,0,6.18516309756847,0,0,0,50,38.9036945454487,50,50,0,30,30,30,0,2.25996588757669,20.0523659381645,30,15.3898349976399,30,0,30,30,10.6474290249683,7.94316435056473,30,9.20326842692999,30,30,4.82896178667984,30,0,30,30,30,29.4898693296634,30,30,0.267314304838301,0,0.00781118943568192,0,0,0,0,0,0,0.3,0.3,0.3,0.0140011962133387,0,0,0,0,0.0825709265626767,0,0.00844775893942027,0,0.215849711608102,0.287903625114431,0,0,0,0.3,0,-45.6
"12",50,30.1700335113323,24.7843882502175,14.2964320589654,50,50,50,50,0,50,0,50,47.3663045322706,0,28.1883845782079,25.6290511211748,22.2622288580085,0,0,0,9.28908656532778,0,0,5.67037599441222,50,41.3433617678123,50,50,0,30,30,30,0,11.7546780579312,19.5356117435029,30,19.1837915634565,30,0,30,30,14.0385197401506,8.38714376079465,30,11.1354985262047,30,30,7.20790603424866,30,0.928265253237123,30,30,30,28.2648286713857,30,30,0.287701769966681,0,0.0859933676992396,0,0,0,0,0,0,0.3,0.287946280182045,0.3,0,0,0,0,0,0.103714173568267,0,0.00482292767518491,0,0.220172273225371,0.298499725538346,0,0,0.0341598429402076,0.3,0,-43.2
"13",50,37.731345575311,34.1484399661534,5.51052037785714,50,50,50,50,0,50,0,50,49.3557299399189,0,31.0233534535149,29.7939764646382,24.961569609376,0,0,0,9.93086767560056,0,0,4.23684358376747,50,30.4352415309935,50,50,0,30,30,30,0,6.2797869832,23.0616464702082,30,14.3325657480948,30,0,30,30,12.1811530774552,12.7678749023906,30,14.338723485332,30,30,4.30123198546421,30,0,30,30,30,26.8197290673697,30,30,0.297260343201583,0,0.0636987717423149,0,0,0,0,0,0,0.3,0.3,0.3,0.00323945345553777,0,0,0,0,0.123994091386223,0,0.00518399764861239,0,0.189227246122679,0.298510815141242,0,0,0.049756534926547,0.3,0,-43.9
"14",50,30.9112038237867,29.8365217584143,7.50338686858206,50,50,50,50,0,50,0,50,49.685204208488,0,30.6921131103638,30.3492135897429,27.4518424525147,0,0,0,12.965716566244,0,0,0,50,34.5917272031667,50,50,0,30,30,30,0,6.91731217742345,18.6227040681078,30,18.9761715595984,30,0,30,30,12.326299434958,9.61813162151743,30,11.4616001426988,28.5477595791993,30,2.08767290818925,30,0,30,30,30,29.0061930031553,30,30,0.3,0,0.0531267373707793,0,0,0,0,0,0,0.3,0.3,0.3,0,0,0,0,0,0.159454120512035,0,0,0,0.203340810953777,0.3,0,0,0.0894498766101231,0.3,0,-49.3
"15",45.2127866554,26.1735117185637,34.4978401224395,8.98941006426681,50,50,50,50,0,50,0,50,48.2785137842164,0,22.8085847474611,27.1171639971417,32.3588949490801,0,0,0,20.6321948079134,0,0,0,50,29.9690343246834,50,50,0,27.8693967766383,30,30,3.11104523245682,6.64133208011226,17.9547827079094,30,19.9266854812563,30,0,30,30,12.6338450327923,9.8049318245831,30,9.77136219021604,25.3600940455054,30,3.62021726537875,30,0,30,30,30,26.0804049195743,30,30,0.3,0,0.0584032509603565,0.0175893641846376,0,0,0,0,0,0.3,0.291269678129089,0.3,0,0,0,0,0,0.201326421022694,0,0.00541122259245786,0,0.229280258666055,0.289177726597984,0,0,0.146574818155703,0.299015438839191,0,-50.6
"16",49.049293173901,33.1478080781297,37.0133058649127,15.6152777940208,50,50,50,50,0,50,0,50,50,0,31.5754800593202,22.6892734513119,29.0140462779407,0,0,0,19.6415540895076,0,0,0.796477066727492,50,23.9276450202765,50,49.003572805365,0,27.175414692108,30,30,2.83713484751923,10.5996061929979,21.5492039733382,30,15.6027295239188,30,0,30,30,16.6176632347758,10.387955783805,30,10.9944470141424,24.0544608115678,30,3.65967220945132,30,0,27.4705998484308,30,30,25.8147409261062,28.9121798791161,30,0.3,0,0.0594137868122121,0.0319018058024129,0,0,0,0,0,0.3,0.3,0.3,0.00977371128238472,0,0,0,0.0111778230805177,0.186409816415017,0,0.000238371762516207,0,0.212483738001763,0.3,0,0,0.103393557863347,0.296237855445006,0,-45.7
"17",50,36.3686870741412,39.3113584262733,1.45346461884551,50,50,50,50,0,50,0,50,50,0,23.0176794349043,34.4054212314338,29.8503679923997,0,0,0,11.375006212485,0,0,2.55170967824163,50,27.5162293627411,50,50,0,30,30,30,2.26651528548131,6.33094258873367,23.1280970740005,30,14.9573401202591,30,0,30,30,13.7928709626081,11.2116684227975,30,12.9965300054644,29.7550325189204,30,0.526967694561395,30,0,30,30,30,28.0274142986998,30,30,0.299491611048425,0,0.0478655953828582,0,0,0,0,0,0,0.3,0.3,0.3,0,0,0,0,0,0.168337082010435,0,0,0,0.182412096834778,0.3,0,0,0.0774738369051041,0.3,0,-51.5
"18",50,27.0433393093532,28.2604717042536,11.9198068869315,49.5421063458395,50,50,50,0,50,0,48.3224383273318,50,0,33.6899053581757,22.1994766585744,29.7943730696731,2.1123963286483,0,0,17.479421795402,1.06196415515363,1.15486255780294,0,50,27.0669609865584,50,48.8636986725659,0,25.3502878335241,28.8469483518727,30,0,7.11829706656413,18.6718053452243,29.5316757585665,17.3698699846749,30,0,30,29.5650614479999,9.58917878163046,10.6642575257747,30,9.71827253210139,27.7885217485021,30,7.16181526168998,28.9840664153555,0,30,30,30,27.8521454325548,30,30,0.3,0,0.0636913829617804,0.0150583437363193,0.00218588397959957,0,0,0,0,0.290359090659969,0.282547083377796,0.3,0,0,0,0.0123834959937534,0.0149472838698067,0.150017166929369,0,0.0392906448393342,0,0.221681116802534,0.279734691312603,0,0,0.0794140147035284,0.3,0,-47.9
"19",43.4765469854202,27.3265745873743,22.2229862433266,12.1891507472077,49.7629632118509,50,50,50,0,50,0,48.3425644754706,45.4706267685401,0,26.380089280228,23.2553277405096,23.9727802543807,0,0,0,22.3682705609172,0,0,7.47577978150102,50,35.5743332898376,50,50,0,25.818872198163,28.0204746686091,30,0,13.8756613347557,18.6536750348412,30,16.0426520634274,30,0,30,30,17.8222739519075,8.34189540497323,28.1864126610936,12.9838385872166,26.2984118137192,26.3434349611811,4.14243394788144,26.4839315393102,0.766024814856769,28.9511740891996,30,30,22.4541884456238,30,30,0.273871798941458,0.00740172274472698,0.084501605517631,0.0208435596424894,0,0,0,0,0,0.283128456484118,0.279842471757322,0.3,0,0.00640657641294971,0,0,0.0452305390756895,0.196281956800772,0.0135993219287623,0.0302062641959932,0,0.219656273711966,0.275636013273465,0,0,0.173371619677338,0.287287736865487,0,-54
"20",42.2737125694011,34.6887770408368,50,0,50,50,50,50,0,50,0,50,45.7064040557271,0,38.4394040490564,24.563073417193,26.2811841367117,0.0885538064641988,0,0,14.9927568502938,0,0,0,50,7.04799982733272,50,50,0,29.1491079309541,30,30,0,18.0963459966918,19.0156171239402,30,13.8566592845395,30,0,30,30,16.6389417946922,6.30736054966504,30,9.80880900855429,25.6625374847228,30,10.1739812999001,30,1.23880226974061,30,30,30,22.9116360414174,30,30,0.265977532645538,0,0,0.00291709188814533,0,0,0,0,0,0.3,0.296268557255551,0.3,0,0,0,0,0,0.189748127820031,0,0.0371439006119946,0,0.3,0.275593823798786,0,0,0,0.299792736214881,0,-48.8
"21",50,30.8221222673628,33.4083322764999,15.6243076182385,50,50,50,50,0,50,0,50,50,0,45.786115432507,17.6514671299268,29.6546983220705,0,0,0,20.3963225873411,0,0,1.8840262457828,50,27.0017609423862,50,50,0,29.7463203573591,30,30,0,0,20.4559171951684,30,21.3359809516351,30,0,30,30,18.1997629588195,4.90773176311309,30,6.75617800383762,26.9934800102749,30,5.45643431429147,30,0,30,30,30,30,30,30,0.295746472792659,0,0.010010458641134,0,0,0,0,0,0,0.3,0.3,0.3,0,0,0,0,0,0.163333137793692,0,0,0,0.195630990702373,0.3,0,0,0.0396762743323943,0.3,0,-44.5
"22",29.2832068690279,44.4871260762523,43.061343721583,11.2593984506371,39.9751606600887,50,50,49.5576260879409,0,50,0,50,50,0,36.3444364722529,35.4280830862721,17.1403664861848,0,0,0,12.3659035967465,0,0,16.0234424949645,50,33.4512182034338,50,50,0,27.8636650558868,30,30,10.3274881201093,13.9157040772457,27.7736997161934,20.290748698029,19.549953835858,30,0,30,30,22.159710679473,14.2596219870571,18.5501335202701,19.4731560656797,21.8718647900165,19.1948349829552,1.24713811465186,17.6664006760191,11.449761334225,12.7371235068946,30,30,15.2466324631021,30,30,0.3,0,0.115932221350849,0,0,0,0,0,0,0.215990874355702,0.201787470335685,0.3,0,0,0.0115688388228553,0,0.102460830656393,0.145722017458306,0,0.0775442722102562,0,0.140961922958234,0.209998903005286,0,0,0.193512447849294,0.3,0,-51.2
"23",50,32.4205967261575,34.0370166610209,7.33054988764172,50,50,50,50,0,50,0,50,50,0,32.9757763981081,27.6679763422935,24.9286276211417,0,0,0,9.17086650330415,0,0,1.41344042462397,50,27.4569225234658,50,50,0,30,30,30,0,9.65025222421584,19.6385835879153,30,15.9115663825112,30,0,30,30,17.1233528524531,13.5147607076504,30,13.5351970678833,30,30,0.584250616463408,30,0,30,30,30,28.7126671979103,30,30,0.3,0,0.0623594336082451,0.00131667715341822,0,0,0,0,0,0.3,0.3,0.3,0,0,0,0,0,0.157636320544884,0,0,0,0.176294411802922,0.299917069931623,0,0,0.0691123344166828,0.3,0,-49.5
"24",46.5836637314173,25.3788924436508,33.3156012899613,13.3699273137911,50,50,50,50,0,50,0,50,50,0,23.9434864675924,32.7641788231558,32.7362012060861,0,0,0,19.0541881438545,0,0,0,50,33.512267968512,50,50,0,30,30,30,0,8.04985102113096,16.6516040772546,30,22.6750355201612,30,0,30,30,15.3426278996872,8.76226645661969,30,9.8924380431949,24.9242321874772,30,0,30,0,30,30,30,27.2761824937965,30,30,0.3,0,0.0475570272886984,0,0,0,0,0,0,0.3,0.3,0.3,0,0,0,0,0,0.197911832695671,0,0,0,0.210730994518421,0.3,0,0,0.162189904145636,0.3,0,-58.1
"25",50,39.0899008317892,33.2347428048568,4.35218926996656,50,50,50,50,0,50,0,50,49.4278293701425,0,33.0946487607342,31.0081529240362,25.8780980281222,0,0,0,9.67079508785771,0,0,1.10799455265957,50,29.8325298971728,50,50,0,29.7260608395279,30,30,0,4.76455971391523,24.2131166673673,30,14.7568268874562,30,0,30,30,10.4061749328928,12.7767868680462,30,14.3422788844127,30,30,5.57406470180041,30,0,30,30,30,27.5981631600831,30,30,0.29401598603642,0,0.0471097697290244,0,0,0,0,0,0,0.3,0.3,0.3,0,0,0,0,0,0.122628130364748,0,0.00794521944419418,0,0.194006720809732,0.3,0,0,0.0391204855939111,0.3,0,-45.8
"26",50,25.3082634525535,29.8580888102154,8.58625312275799,50,50,50,50,0,50,0,50,48.880466758313,0,28.2322320116728,25.7947239724411,30.6051328776041,0,0,0,17.9866334065482,0,0,0,50,32.4957877188724,50,50,0,30,30,30,0,6.73877985494069,16.8089140909941,30,19.4956233978507,30,0,30,30,11.3237994944827,8.30180289060361,30,9.15133145891537,26.4950250162615,30,3.63183476092565,30,0,30,30,30,27.3153118112015,30,30,0.281621845544002,0,0.0489576272862748,0,0,0,0,0,0,0.3,0.3,0.3,0.00654948036387699,0,0,0,0,0.168867118863848,0,0.00899417839767679,0,0.22373537550569,0.3,0,0,0.116972366476111,0.3,0,-49.6
"27",50,21.7550323850295,24.600079234776,6.50385093428392,50,50,50,50,0,50,0,50,50,0,32.5277772340637,27.2265165035105,27.5680126900577,0,0,0,15.6984585743622,0,0,0,50,35.1431929609513,50,50,0,30,30,30,0,6.33044000563897,14.1826742101854,30,22.3032420879342,30,0,30,30,11.3384301178564,5.86178444680072,30,7.02033168070651,30,30,3.42535239078635,30,0,30,30,30,28.5737144502518,30,30,0.3,0,0.0101407104027103,0,0,0,0,0,0,0.3,0.3,0.3,0,0,0,0,0,0.150105907439025,0,0.00651662818574966,0,0.219455267815456,0.295064345964278,0,0,0.0712448053853009,0.3,0,-46.3
"28",50,38.6645174120088,38.5593543489627,5.4526143829838,50,50,50,50,0,50,0,50,50,0,27.3864077302344,29.3453416930549,25.8879676886635,0,0,0,9.65327735865135,0,0,4.78896075663861,50,28.3622084853593,50,50,0,30,30,30,0.539663254308365,6.4073140578532,24.3454050996535,30,13.5494337831431,30,0,30,30,11.8126192008609,14.0787442444931,30,15.0793345225151,30,30,0.520471567447374,30,0,30,30,30,26.4769221738922,30,30,0.3,0,0.0722692906079061,0,0,0,0,0,0,0.3,0.3,0.3,0,0,0,0,0,0.145997702916361,0,0,0,0.189221444835635,0.3,0,0,0.0651758950166913,0.3,0,-48.2
"29",50,34.7446343687295,23.3908895019141,0,50,50,50,50,0,50,0,50,48.0080677372074,0,24.7936719423946,12.4092130410436,36.268513034075,0,0,0,0,0,0,0,50,21.4787173035413,50,50,0,28.4792727582351,30,30,1.9880403715585,6.98254038951126,20.5107308788405,30,16.9166643069605,30,0,30,30,11.6785847030435,5.22201630037873,30,5.68163427457254,30,30,9.06884655683727,30,0,30,30,30,24.9025310308333,30,30,0.262856521532545,0,0.0377792393513005,0,0,0,0,0,0,0.3,0.3,0.3,0,0,0,0,0,0.135990518138221,0,0.00688252369864619,0,0.275639101384672,0.3,0,0,0.0627923454271734,0.3,0,-47.7
"30",50,36.1271846732992,29.2784311096002,9.35635239428659,50,50,50,50,0,50,0,50,48.6941112029219,0,33.4201034526076,30.0624118486347,23.5765512301862,0,0,0,6.97390555793225,0,0,0,50,38.4817026799754,50,50,0,30,30,30,0,7.12847468289766,18.8068695616556,30,16.3090204734279,30,0,30,30,11.2720678188707,11.7360686872903,30,11.15138239895,29.2385900238544,30,2.62000642361124,30,0,30,30,30,27.9200665760914,30,30,0.3,0,0.0481818526817824,0,0,0,0,0,0,0.3,0.3,0.3,0.00454205814341336,0,0,0,0,0.132076121193799,0,0,0,0.200049100590872,0.29860554513747,0,0,0.0335222769865167,0.3,0,-45.7
"31",50,27.0007188405838,24.9736381981461,9.78470002109055,50,50,50,50,0,50,0,50,49.9461447061179,0,23.5187262569039,30.9180857608374,34.1335865451866,0,0,0,20.0337635985698,0,0,0,50,28.3890644228019,50,50,0,30,30,30,1.36978745981733,10.001111621878,19.0791718704919,30,19.6161052038119,30,0,30,30,13.5787296387903,8.68893761226733,30,10.805757022437,26.4884845815203,30,0.443701592958866,30,0,30,30,30,30,30,30,0.3,0,0.0445285089851925,0,0,0,0,0,0,0.3,0.3,0.3,0,0,0,0,0,0.174976866336695,0,0,0,0.208392747590963,0.3,0,0,0.113068857887011,0.3,0,-54.7
"32",50,24.3569703644133,34.7615581883004,1.65862401141134,50,50,50,50,0,50,0,50,49.8602476948689,0,22.5454710987443,32.2344471231112,33.3755552082057,0,0,0,17.4298270852707,0,0,0,50,33.6790089004297,50,50,0,28.5359573345736,30,30,3.87676768855199,6.23082764315339,18.5700896675474,30,20.7313794154906,30,0,30,30,15.8194449078493,11.1913971093838,30,7.7669052620321,26.0588038993395,30,1.37960728455637,30,0,30,30,30,29.4297797595173,30,30,0.3,0,0.0364050001624256,0.00116438573566189,0,0,0,0,0,0.3,0.3,0.3,0,0,0,0,0,0.187643856808212,0,0,0,0.221494151344617,0.3,0,0,0.121216297498102,0.3,0,-54.3
"33",50,38.1840808251323,33.4406194595105,2.90937683565767,50,50,50,50,0,50,0,50,50,0,24.205390847407,34.1669132594143,28.0123513720349,0,0,0,15.4909108744051,0,0,3.32182314760825,50,27.9281270937971,50,50,0,30,30,30,0,6.59514946456785,20.6631808541175,30,14.8372525214768,30,0,30,30,10.0288242898617,12.0435158817727,30,13.3942148167044,30,30,3.32730016975095,30,0,30,30,30,26.2522508020352,30,30,0.297310701131639,0,0.0501373903212191,0,0,0,0,0,0,0.3,0.3,0.3,0,0,0,0,0.0074142648840567,0.154428817958949,0,0,0,0.1941291558172,0.3,0,0,0.0599628748048802,0.3,0,-45.6
"34",50,27.910829185915,37.0075835600222,0,50,50,50,50,0,50,0,50,50,0,20.2804212981925,34.3917148731636,18.9382287677759,0,0,0,13.575912899241,0,0,0.557780813874391,50,34.7606172804192,50,50,0,30,30,30,3.12046721907749,2.6707715569854,16.3923163992276,30,13.8029667085604,30,0,30,30,9.27785371811921,8.10922834540708,30,10.800063309161,30,30,3.36047100143412,30,0,30,30,30,26.8436192230959,30,30,0.299346386207097,0,0.0588529084188387,0,0,0,0,0,0,0.3,0.3,0.3,0,0,0,0,0,0.155343991369327,0,0.000517108027072841,0,0.163273180214243,0.3,0,0,0.0661913275190854,0.3,0,-47.2
"35",45.8922700299706,21.9429457097291,36.2058311839049,8.67421992629281,50,50,50,50,0,50,0,50,50,0,22.4772987081199,25.1304815142958,33.0802459022549,0,0,0,27.0506356433562,0,0,2.60911015151012,50,33.3734255909921,50,50,0,29.1036308311766,29.5092970954466,30,3.50628912105342,8.31393174750315,17.5217680451356,30,22.5030277009968,30,0,30,30,11.5555296984598,7.36306737721233,30,8.14600942000895,25.3050950655847,30,2.75704203390695,28.6707572252529,0,28.8975521193662,30,30,25.7151056863058,29.3697042578752,30,0.3,0,0.0681685174442627,0.00552469147702953,0,0,0,0,0,0.3,0.3,0.3,0,0,0,0,0.0222179031322214,0.195143275316835,0,0,0,0.216921376372884,0.3,0,0,0.143680162792789,0.3,0,-49.3
"36",35.080804373809,12.6989935353082,33.614596126744,13.7684684460005,50,50,50,46.0241945152495,0,50,0,50,50,0,16.543180898239,24.2399583812283,36.183349821,0,0,0,32.08082411574,0,0,5.21179601933293,50,32.4121604478256,50,50,0,30,30,30,11.3570972603579,6.86732764597543,7.28052677534987,19.8589625557422,25.033806154699,30,0,30,30,11.2104461482333,5.01843787126093,30,4.67237158314088,19.5313337581248,20.1393504667544,1.08121633818606,30,0,23.6417076318662,30,30,29.6319559474042,18.1905333940465,30,0.3,0,0.0528142570125514,0,0.0109532458248687,0,0,0.121481671101443,0,0.3,0.3,0.3,0,0,0,0,0.0470762142815365,0.218632232876213,0,0,0,0.224095894234443,0.3,0,0,0.232967313099892,0.3,0,-53.4
"37",50,23.8533015129998,19.6601405154085,1.49279729685478,50,50,50,50,0,50,0,50,45.8951855466483,0,38.4403657568644,26.2021132957397,27.1110066057766,0,0,0,11.2143486753791,0,0,0,50,44.1188481408536,50,50,0,27.5121714199764,29.8444455469085,30,0,6.22602706505904,15.1448600590097,30,21.1533850333907,30,0,30,30,10.8192050526517,4.39177596186344,30,7.24088531291796,29.113811970464,30,9.1215246053304,29.6753624666843,0,30,30,30,30,30,30,0.2592225996933,0,0.0148166480270576,0,0,0,0,0,0,0.3,0.3,0.3,0,0,0,0,0,0.13494295847291,0,0.0290798345376108,0,0.237973304541565,0.280421195503095,0,0,0.059473647625202,0.3,0,-49.7
"38",40.4750470930304,22.3971711019964,39.8105404812271,10.4172087013409,47.8834333203988,50,50,50,0,50,0,50,50,0,21.4457697957509,26.4504534432541,35.4133839364964,0,0,0,21.7644732485155,0,0,6.89577384620077,50,27.9732755207449,50,50,0,30,30,30,6.76526062844923,7.22870555825344,17.5084972014853,26.1108843076337,16.6289234108074,30,0,30,30,11.7652499242258,11.3867236028492,30,9.00547915715797,25.1949049848111,22.7093227614475,6.04633241055095,30,0,30,30,30,23.0151079643366,27.2241765193828,30,0.3,0,0.0847039803457012,0,0,0,0,0.0530046197035894,0,0.3,0.3,0.3,0,0,0,0,0.0501734911620834,0.196848175309146,0.00544438858870043,0,0,0.237625403454417,0.293121291737096,0,0,0.148796560919507,0.3,0,-51.4
"39",43.9815226531939,33.34443704636,33.9234498208377,8.67752417639655,50,50,50,50,0,50,0,50,49.1735919047849,0,27.9232422507883,31.0354177882239,27.3991703516837,0,0,0,12.8378517929038,0,0,4.50045582472808,50,31.053140539006,50,50,0,30,30,30,1.98138386639293,7.47446260965338,22.138519131428,30,16.0401186011261,30,0,30,30,14.179984427548,10.970473217382,30,13.9342545542772,27.9671299622918,30,3.14568287316812,30,0,30,30,30,28.9020489179665,30,30,0.3,0,0.0828936440438511,0,0,0,0,0,0,0.3,0.3,0.3,0,0,0,0,0.00947034999370054,0.180109214837574,0,0,0,0.187975921638499,0.3,0,0,0.0907289687729818,0.3,0,-46.5
"40",50,30.0914248509489,27.5795636764725,8.9582510669539,50,50,50,50,0,50,0,50,47.9892281190318,0,33.102434615121,21.428902846852,23.0978730362965,0,0,0,10.8243243031012,0,0,0.205688787167323,50,27.7552715443353,50,50,0,30,30,30,0,6.09691418439653,23.339933023273,30,14.6304631477407,30,0,30,30,12.8133386015276,12.4619103588842,30,13.6337161323254,30,30,4.69038333067087,30,0,30,30,30,26.330024920143,30,30,0.297610832714756,0,0.0760534211410931,0,0,0,0,0,0,0.3,0.3,0.3,0.00503273571092967,0,0,0,0,0.120304875409307,0,0.00162349910939548,0,0.235442412029737,0.3,0,0,0.0245324518643162,0.3,0,-46
"41",50,36.497302651943,36.0386143174614,4.48001349735431,50,50,50,50,0,50,0,50,50,0,29.1218392442516,29.7652094464652,25.1919806126471,0,0,0,11.8318105519758,0,0,3.689274353553,50,29.6480166375863,50,50,0,29.8987234960911,30,30,0,5.32864362768914,22.865062644517,30,13.8399947134827,30,0,30,30,12.2149038570937,13.1779439965284,30,14.0220090671867,30,30,4.59374136095048,30,0,30,30,30,25.9592809967569,30,30,0.299073149902395,0,0.0539777588812602,0,0,0,0,0,0,0.3,0.3,0.3,0,0,0,0,0.00720038548336697,0.144157997019739,0,0,0,0.201174242283362,0.3,0,0,0.0429759593050914,0.3,0,-41.7
"42",50,31.4293218858353,17.4873662442795,2.10508090155757,50,50,50,50,0,50,0,50,50,0,47.6000885268764,22.511129686311,16.8372743192061,0,0,0,6.01230116728378,0,0,0,50,37.2973846766042,50,50,0,29.0540409504423,30,30,0,7.61066478641896,17.9945147822187,30,12.2093401161339,30,0,30,30,5.28918617198358,8.09112801742583,30,9.71827917831057,27.4965875281968,30,10.0624288126539,30,0,30,30,30,26.429579082883,30,30,0.3,0,0.0201872227138311,0,0,0,0,0,0,0.3,0.3,0.3,0.0108617163499931,0,0,0,0,0.0528365745337684,0,0,0,0.261595721188205,0.3,0,0,0,0.3,0,-42.8
"43",22.3820141640435,11.5758206173631,20.4722608313702,12.2719874277018,32.3353494800619,35.3537980920783,35.4166796335245,47.4481132453523,25.3405021304444,47.0337096246279,4.37215153133931,34.902870718111,44.2625662145885,20.8729322858005,18.8375910129425,29.9860680098571,21.9618948783457,0,16.3844020693012,7.04487659378025,25.0899657114727,9.59978419506123,8.59087652972475,17.1367041385047,36.0998159176568,35.6003766434243,36.0701774107338,50,14.4806415675948,30,24.8285405358251,14.2863545924426,3.91602579072883,18.2901621386546,9.19351165551113,19.1746739944666,27.4165695707837,15.9030508742277,8.15030823509396,28.9287384479068,25.254281716641,6.70898404705617,14.057028060684,25.4466199332447,17.103345011416,12.9666255497498,24.6029386281413,4.41328839654994,30,0,30,18.1902377347073,23.040406339223,30,29.2282738801944,18.0363272838964,0.191868018969411,0.0835166237507235,0.141048548019852,0,0,0.00167312571785233,0.0575252650099606,9.7922517103813e-05,0.115530710548543,0.3,0.239337246647905,0.24426934164062,0,0,0.112274885983589,0.0109442776728322,0.0877906560670726,0.168634477870584,0,0.00210372383340511,0.0441095387164515,0.114618509364074,0.263648817665051,0.0712151505329336,0.0800630381760453,0.0918735319756384,0.215623374784773,0.0224572483957652,-57.6
"44",50,42.8817640334911,34.2503009631437,10.3276280036398,50,50,50,50,0,50,0,50,50,0,37.2896680301819,27.213799186882,23.3214866033843,0,0,0,2.74194897644982,0,0,4.104972666001,50,25.3400254342869,50,50,0,29.4587674972672,30,30,0,8.64974843728751,29.4641939041354,30,9.97151465134011,30,0,30,30,15.0541772684733,16.3484016937487,30,17.7000636476422,30,30,4.86653915731727,30,0,30,30,30,25.9380673488814,30,30,0.29846284359476,0,0.0656995834508439,0,0,0,0,0,0,0.3,0.3,0.3,0,0,0,0,0.00888517637207557,0.115699721088995,0,0.00123664554532771,0,0.152286260107921,0.3,0,0,0,0.3,0,-41.8
"45",46.0947082088901,29.365020604488,36.7457844444619,12.9817652795272,50,50,50,50,0,50,0,50,50,0,23.7067737235857,30.6323411164645,31.4900006540585,0,0,0,20.8441780744886,0,0,0,50,29.8551983931098,50,50,0,30,29.5132586887039,30,5.63617560573746,8.49462266843712,19.9637988642127,30,19.1947234824251,30,0,30,30,11.7822832185432,11.340588248733,29.7042573623079,11.5751961205903,24.4630501909853,30,3.41040148692309,30,0,30,30,30,25.2963097758997,28.6780571773206,30,0.3,0,0.0692989682347911,0,0,0,0,0.00468746384853711,0,0.3,0.28658360716832,0.3,0,0,0,0,0.000463977569416095,0.167676954339093,0,0,0,0.21213910765348,0.285294731167883,0,0,0.132054901055261,0.3,0,-48.2
"46",44.4857801141323,39.9627952848474,27.117489624756,2.63625005162124,50,50,50,50,0,50,0,50,50,0,35.8913370764288,32.5935905033252,29.171422144986,0.224375689651361,0,0,12.5934297725601,0,0,2.56371900838261,49.8723438409597,31.089083635583,50,49.9625756191215,0,30,30,30,0.717700963550326,5.27639904096423,21.905751178905,28.8746609860377,9.95696469503591,30,0,30,30,11.0809324725043,9.98675954064663,30,9.363806267266,30,30,3.11843624540107,30,0,30,29.9804819599216,30,30,30,30,0.3,0,0.0353849662562422,0,0,0,0,0,0.000316209873673487,0.299840636475839,0.3,0.3,0,0,0,0,0,0.0853332761026379,0,0.00467519166896703,0,0.156002514983231,0.3,0,0,0.0703053783500634,0.3,0,-46.9
"47",44.2602802489022,23.5877386974463,32.446243074334,14.8987919810272,50,50,50,50,0,50,0,50,47.1384831901559,0,24.6693302761955,23.4622250322193,30.2802056897198,1.05509443280825,0,0,17.0872761378463,0.124689023872665,0,0,50,32.5057858863663,50,50,0,30,30,30,3.23720471531727,6.43322388368434,19.5305637310888,30,20.0933524158576,30,0,30,29.9514697450799,10.5848636132374,7.91154275319159,30,10.7993295444243,25.3140015551278,29.7109959381102,5.53129335802582,30,1.61959391337932,28.3706921563289,30,30,24.9576862146732,30,30,0.285077430181034,0,0.0530428916395132,0.009466017364304,0,0,0,0,0,0.3,0.288356554821835,0.3,0,0.00355879398625929,0,0,0.0095877148687473,0.201991398207818,0,0.00571536981602736,0,0.225321079815276,0.3,0,0,0.146559633538133,0.297214678857039,0,-47.7
"48",47.079187825948,30.6888693302437,35.7152893888508,8.6521242107019,50,50,50,50,0,50,0,50,49.6484287942471,0,24.1882069548062,29.3363966035244,31.163277078362,0,0,0,17.6231797692653,0,0,4.55843990298364,50,29.8883343553418,50,50,0,28.6494647039229,30,30,2.54486214035527,6.9240263273427,19.0041340834651,30,18.05029054696,30,0,30,30,12.5630713400107,11.2933033889902,30,12.4229945627747,27.4014841214889,30,2.74528530119065,29.4111705826874,1.04081073546784,30,30,30,26.3146627879297,30,30,0.299708067115169,0,0.0728289243328314,0.0105468893494214,0,0,0,0,0,0.3,0.298168772090634,0.3,0,0,0,0,0,0.186841663459021,0,0.00923940629746976,0,0.203811292918312,0.294016157184586,0,0,0.116258003746134,0.3,0,-46.9
"49",50,42.1788423540344,36.4486347660515,6.52941901315034,50,50,50,50,0,50,0,50,50,0,29.7280779824058,28.6404489282238,25.7186151696103,0,0,0,10.5776407080585,0,0,4.62500896779178,50,28.1650927160729,50,50,0,30,30,30,1.72094200997743,7.02746481522222,23.4164980402346,30,11.8797545412004,30,0,30,30,10.1076408640801,13.7076253701467,30,14.2437587876289,30,30,4.49266777089902,30,0,30,30,30,27.2452236372184,30,30,0.3,0,0.0758401272133387,0,0,0,0,0,0,0.3,0.3,0.3,0,0,0,0,0.00313936081872766,0.124226936133399,0,0.000202599269824519,0,0.191466662774507,0.3,0,0,0.0360861671756452,0.3,0,-43.8
"50",50,29.7596861523034,26.0669737604994,6.38623118817428,50,50,50,50,0,50,0,50,50,0,34.2179756666647,27.6878142479584,27.3743728463346,0,0,0,11.5803641540781,0,0,0,50,35.3522370334913,50,50,0,30,30,30,0,7.09317906155102,18.8297210092996,30,19.633497671464,30,0,30,30,11.6757593112858,8.10293537327673,30,9.33145829106502,29.6705591961399,30,3.01459251850336,30,0,30,30,30,29.1618108620053,30,30,0.3,0,0.0365943671402375,0,0,0,0,0,0,0.3,0.3,0.3,0,0,0,0,0,0.138662461435969,0,0,0,0.219962863296939,0.3,0,0,0.071245877075439,0.3,0,-46.8
"51",50,0,50,4.30200155663429,50,49.7515534157736,50,32.4077505520081,0,48.0422103080514,0,50,50,0,0,13.5597269155835,50,3.04926991016655,0,0,26.1242142645722,0,0,0,50,27.688786706677,50,50,0,30,22.76634830834,30,8.79675272929346,18.4869755184311,0,16.3496976808486,30,30,0,30,22.7733197544275,6.02052807402842,0,30,0,0,0.261760754160244,13.3575923372522,30,0,6.62864332803733,30,30,30,26.3570637632276,30,0.3,0,0,0.0514200677617758,0,0,0,0.0580861706468518,0,0.263450073845657,0.3,0.3,0,0,0,0,0,0.113404556654298,0,0.0212821119435546,0,0.3,0.3,0,0,0.3,0.3,0,-62.8
"52",50,34.9699749413753,30.318987760391,5.31575268515575,50,50,50,50,0,50,0,50,50,0,32.4600571846739,28.8729795970567,25.9756596161978,0,0,0,9.94239992275448,0,0,0.666671102339242,50,33.6772701338524,50,50,0,29.1820313721775,30,30,0,6.21816461455761,20.7802566774133,30,15.4000242730053,30,0,30,30,11.6726637379126,12.0160237725577,30,12.7740590702207,30,30,4.73499827821358,30,0,30,30,30,26.1543552031198,30,30,0.28928108098109,0,0.0585723345413522,0,0,0,0,0,0,0.3,0.3,0.3,0.00420007150132484,0,0,0,0,0.125340555274578,0,0.00353600170564532,0,0.202102657141675,0.297693453329915,0,0,0.0518638511002739,0.3,0,-44.3
"53",43.147881001604,23.7011761453248,34.1773092973469,18.1448311437821,50,50,50,50,0,50,0,50,50,0,25.8555823115495,25.716667535807,35.2986797338097,0,0,0,24.4684537351732,0,0,6.96812027105539,50,26.9982332398986,50,50,0,27.2574561519094,30,30,8.36530386844782,11.0910197446832,16.8581689015504,27.8298971212438,21.0326999113741,30,0,30,30,11.870642882535,8.43523162251451,29.748350157332,11.3127180340224,23.490620544497,23.8563182857101,0.0449126482717205,29.5636747669154,0.379769550274979,25.694765100299,30,30,23.1907848216062,23.7325092547306,30,0.264691118198945,0,0.0933375165844758,0.0508025007458576,0.00980822813484571,0,0,0.056719111975093,0,0.3,0.3,0.3,0,0,0,0,0,0.182892420101727,0,0,0,0.19631331513608,0.3,0,0,0.121855559828161,0.3,0,-56.8
"54",50,36.2956522933197,32.1106495089979,6.53245565022047,50,50,50,50,0,50,0,50,49.4537616841279,0,29.4169908952843,31.4402888843977,27.6255750884197,0,0,0,11.0156585492965,0,0,4.2539603848528,50,34.5330360193475,50,50,0,30,30,30,0,6.90532319585973,20.0788481357362,30,14.3855017354282,30,0,30,30,12.8460158202969,13.5140143788996,30,15.2034314104471,30,30,1.1793495776643,30,0,30,30,30,29.0886470611745,30,30,0.3,0,0.0560236427507603,0,0,0,0,0,0,0.3,0.3,0.3,0,0,0,0,0,0.140011130208911,0,0.0010642218255174,0,0.186411048809884,0.3,0,0,0.0754726355414973,0.3,0,-47.7
"55",45.3887750121742,17.9160726400465,36.0958446177731,10.1917249381983,50,50,50,50,0,50,0,50,50,0,18.81728044851,29.8282271587597,34.3368027773191,0,0,0,26.7146942872624,0,0,1.83283397100784,50,34.7464762483454,50,50,0,30,30,30,7.95887700894526,5.76602342094862,10.8262084454508,28.9301240267009,22.7459430391302,30,0,30,30,11.9214891326198,8.12795104464983,30,5.81438319628873,22.9377644789627,28.0862475275337,2.55402584800827,28.7151014300589,0,27.481564336414,30,30,29.9898148492214,25.7224710499451,30,0.3,0,0.0586433121331219,0,0.000548591716485437,0,0,0.0157885447730877,0,0.3,0.3,0.3,0,0,0,0,0,0.216144065912707,0,0.015688831045172,0,0.248580642203226,0.287106879046089,0,0,0.194901169154466,0.3,0,-52.5
"56",44.1225551421773,26.8545012741414,33.8156840056894,14.2202562642035,50,50,50,49.0656489149802,0,50,0,50,48.4711650333381,0,13.8666216992566,26.0222879981536,34.7220177731427,1.22695664851451,0,0,31.5943949990992,0,0.861063435439058,8.75537717682646,50,30.3234623542469,50,50,0,23.1151656883275,30,30,14.4873701845472,14.7964194929094,23.3879474936181,30,20.4666987653474,30,0,30,30,7.45851438534839,13.2254769954655,30,9.81533235102938,20.7636497449729,30,7.0876260609287,24.2066785761484,0.974566816335412,29.703296760551,30,30,29.3676568712883,27.1290649727219,30,0.295436258422867,0,0.0905568297165124,0.0157222454815284,0.0136450691500235,0,0,0,0,0.3,0.293907766327831,0.3,0.000755271731832755,0,0,0,0.0730896539646678,0.193874756883609,0,0,0,0.176717465876446,0.292132841294357,0,0,0.175157215554193,0.3,0,-51.5
"57",45.2826714629845,27.1304709742498,33.8482894155185,8.80245813485142,50,50,50,50,0,50,0,50,48.7243376221209,0,25.6476756745844,28.9020268531072,29.4337160265364,0.225620030961866,0,0,20.0838471261598,0,0,2.98415154498807,50,31.6455588683542,50,50,0,29.9015195069965,29.8550051809952,30,2.52305251019593,8.29809164703751,17.3650403566885,30,18.6652847990202,30,0,30,30,12.8117130952137,10.907957924242,30,11.9208430449534,26.2751496804986,30,3.54743611854689,30,0.455540502432575,30,30,30,26.6627327031634,30,30,0.293858626953008,0,0.0654021402128732,0.00354999346561653,0,0,0,0,0,0.299962645070302,0.3,0.3,0,0,0,0,0,0.183773653348619,0,0.00854174199058418,0,0.203143579123221,0.296621842197363,0,0,0.123489249445815,0.297466043520573,0,-47.4
"58",50,28.2608946114959,24.3985181772021,15.5776590444966,48.4740095737384,50,50,48.3016570092974,0,49.3841585208837,0,50,47.3732467806844,0,37.0572331716491,29.1152668166113,25.1056188488183,1.85678042519315,0,0,8.38642964147909,0,1.61827781796036,3.27021369310487,50,28.9648209422296,50,50,0,27.2582087548586,29.8772370661612,30,2.8017923436499,6.26732218838989,18.9718956582912,30,18.1699555280194,30,0,30,30,13.9587421988024,14.8550867540298,26.5434363344625,15.1644664079678,29.972411118285,30,7.71383831999659,25.4015658174623,3.94137156478489,27.7421716561451,30,30,26.1102275283736,30,30,0.265591900871787,0,0.0958016489425795,0.0461430612845486,0,0,0,0.0142763612693976,0,0.292960418950848,0.286902032760254,0.3,0,0,0,0,0,0.140135646945968,0,0.040462541191915,0,0.181507035969741,0.282876845666068,0,0,0.0503783762996507,0.282581564235523,0,-51.9
"59",48.2374579326768,20.4215363573859,33.5924159400879,10.9332816577714,50,50,50,50,0,50,0,50,50,0,25.9357142411453,29.8411216693038,36.5892936875178,0,0,0,19.5806301226285,0,0,0,50,34.1465579727624,50,50,0,30,30,30,0,8.65876511619956,15.9355297610346,30,23.6883525185939,30,0,30,30,10.7797270361486,5.49285387049397,30,9.13737767740061,24.7805802755992,30,0.127536543082211,30,0,30,30,30,29.6705259857126,30,30,0.3,0,0.0262366551689719,0,0,0,0,0,0,0.3,0.3,0.3,0,0,0,0,0,0.202892499723377,0,0,0,0.252282798964231,0.3,0,0,0.134264598773891,0.3,0,-56.2
"60",35.849555100233,31.9489348393625,27.2579223559187,0,49.1479590169365,50,50,50,0,50,0,50,50,0,41.5824604537048,12.6088561829386,20.9215199079232,0,0,0,2.47540116901131,0,0,1.26866913141898,49.6931320436258,13.5390651848255,50,50,0,30,30,30,0,13.2798449437793,15.3344028615317,30,22.6652305814862,30,0,30,29.9444935163073,19.3601270810795,16.1925459850256,30,15.5563751558444,19.1408167366073,30,5.09927438448925,28.198426231745,0,30,30,30,24.1250152226034,30,30,0.265759107987317,0.00138831716026129,0.022547734734607,0.0481715632295216,0,0,0,0,0,0.3,0.3,0.3,0.00893945787482513,0,0,0,0,0.157554927709344,0,0,0,0.180879635146636,0.3,0,0,0.0536059883015988,0.3,0,-45.8
