"","accuracy","NA","NA","NA","NA","NA","NA","NA","NA","NA","NA","NA","NA","NA","NA","NA","NA","NA","NA","NA","NA","NA","NA","NA","NA","NA","NA","NA","NA","NA","NA","NA","NA","NA","NA","NA","NA","NA","NA","NA","NA","NA","NA","NA","NA","NA","NA","NA","NA","NA","NA","NA","NA","NA","NA","NA","NA","NA","NA","NA","NA","NA","NA","NA","NA","NA","NA","NA","NA","NA","NA","NA","NA","NA","NA","NA","NA","NA","NA","NA","NA","NA","NA","NA","NA"
"1",50,36.8682022346879,35.38643105633,3.5078954359167,50,50,50,50,0,50,0,50,50,0,31.1446627393721,27.8181255787411,24.9069258785314,0,0,0,9.94236539777577,0,0,3.18360032795729,50,28.1636166556112,50,50,0,30,30,30,0,4.95125711293104,24.4811943108868,30,12.8157595017321,30,0,30,30,11.3309457856676,13.3471080028959,30,13.9729997750232,30,30,5.6024619398516,30,0,30,30,30,25.4958419332432,30,30,0.3,0,0.0531800899808934,0,0,0,0,0,0,0.3,0.3,0.3,1.01631267662547e-07,0,0,0,0.00495568051439972,0.134454579910646,0,0,0,0.2103571664196,0.3,0,0,0.023271588660547,0.3,0,-47.4
"2",50,50,35.6168970704314,4.45629601839794,50,50,50,50,0,50,0,50,50,0,29.8452991449251,29.0102948755602,19.3810965826747,0,0,0,0,0,0,5.27925354423394,50,32.0214418822061,50,50,0,30,30,30,0,5.28921044137566,30,30,3.82374087661997,30,0,30,30,14.8704987870905,17.6769827719735,30,25.0906243252265,30,30,5.81822444300363,30,0,30,30,30,24.1833979444353,30,30,0.3,0,0.114336044938334,0,0,0,0,0,0,0.3,0.3,0.3,0,0,0,0,0,0.114466299170218,0,0,0,0.112809509560495,0.3,0,0,0,0.3,0,-42.8
"3",50,36.9511476186519,27.8491020652459,0,50,50,50,50,0,50,0,50,49.210296769954,0,28.4215783278388,23.6198457208908,28.9790547369714,0,0,0,12.9438232460113,0,0,3.17657649963825,50,37.9547175882897,50,50,0,30,30,30,0,3.92245797228689,21.6385669701272,30,16.1876340158075,30,0,30,30,15.2764436619469,13.7955567409516,30,17.8301751610042,27.5855610414308,30,2.17008043445541,30,0,30,30,30,29.9408388721739,30,30,0.290547076092564,0,0.0372145644007637,0,0,0,0,0,0,0.3,0.3,0.3,0,0,0,0,0,0.116575000444683,0,0,0,0.217899687338578,0.3,0,0,0.0489393670510873,0.3,0,-46.3
"4",50,48.9521620758133,40.5579238640326,1.13239066037862,50,50,50,50,0,50,0,50,50,0,30.5059701415314,34.4338309871841,20.2179871123457,0,0,0,3.67753424529399,0,0,5.30538475511825,50,28.4138689704051,50,50,0,30,30,30,0,4.77944801624109,28.9566676653079,30,8.64704118961008,30,0,30,30,13.3554378302771,17.5467345720102,30,19.4138499784353,30,30,3.79200255923563,30,0,30,30,30,25.6785848893619,30,30,0.3,0,0.0680880031305562,0,0,0,0,0,0,0.3,0.3,0.3,0,0,0,0,0.00898997816320873,0.11271407856241,0,0,0,0.162146437362633,0.3,0,0,0,0.3,0,-44.7
"5",50,35.9155393951919,27.9963766621472,3.53023901602547,50,50,50,50,0,50,0,50,50,0,34.8625055518461,31.4789338494884,22.2904362202737,0,0,0,7.6586514603721,0,0,0,50,38.7692982899148,50,50,0,30,30,30,0,5.39801629189874,18.8616914011897,30,17.1532592140593,30,0,30,30,12.2228926929659,9.98466261717131,30,11.8232589254232,30,30,0.0623692641801545,30,0,30,30,30,30,30,30,0.3,0,0.0283205567286643,0,0,0,0,0,0,0.3,0.3,0.3,0,0,0,0,0,0.104900449466149,0,0,0,0.185565501595455,0.3,0,0,0.0277169495440413,0.3,0,-52.9
"6",45.4973146852745,35.7020117546437,35.2413587003774,13.173133866365,50,50,50,50,0,50,0,50,50,0,35.2451389304346,32.7229463824594,27.5448969442655,0,0,0,3.39676290545925,0,0,0.0241005650401833,50,42.9982211304168,50,50,0,30,30,30,0.125206794082728,10.983625541494,25.1777601284125,30,15.7585524056597,30,0,30,30,16.9670763986901,9.41768868606328,30,11.3716812298265,24.1267310362782,30,6.2370036946822,30,1.60067010498873,30,30,30,29.3200583711024,30,30,0.3,0,0.0549999806988094,0.0178492014436746,0,0,0,0,0.000787887045923793,0.3,0.3,0.3,0.00623024711365917,0,0,0,0,0.11960024673861,0,0,0,0.206658768894476,0.3,0,0,0.0577117213794552,0.3,0,-44.7
"7",50,45.8462158445681,34.9249347187895,0,50,50,50,50,0,50,0,50,50,0,33.1702988101401,36.5190428942129,17.7380496727831,0,0,0,5.19294623509251,0,0,0,50,31.1261019865777,50,50,0,30,30,30,0,3.25006518509007,24.7485117740851,30,12.0945147109681,30,0,30,30,13.0456579927902,14.8146346336012,30,16.9619775499689,30,30,1.77518393521457,30,0,30,30,30,30,30,30,0.3,0,0.0616623847629645,0,0,0,0,0,0,0.3,0.3,0.3,0,0,0,0,0.0120366885070745,0.0866135448685034,0,0,0,0.170589762777399,0.3,0,0,0.00564100824174164,0.3,0,-48.1
"8",49.2020027925113,39.2344793428684,39.1973146291771,5.20814272248784,50,50,50,50,0,50,0,50,50,0,25.9367990968222,27.2869206984463,25.3218226294483,0,0,0,12.5785833153833,0,0,6.60906875071299,50,25.4877648786031,50,50,0,30,28.3438367588011,30,2.87350059969523,4.96965674169721,25.0594134945807,26.900477611808,10.7747133052829,30,0,30,30,10.9078816043233,14.6922460169238,28.320286961178,15.929408967479,30,29.1055845048564,6.31658806461517,30,0,26.1403219064891,30,30,26.3310490105308,28.9800055029198,30,0.3,0,0.079779377179847,0,0,0,0,0.0248494601385258,0,0.3,0.3,0.3,0,0,0,0,0.0361679180150469,0.136772606159829,0,0,0,0.196748820309424,0.3,0,0,0.0448510513925453,0.3,0,-44.7
"9",49.2124651390411,45.6725228424015,33.951088687468,2.08015187867551,50,50,50,50,0,50,0,50,50,0,32.0226574261396,37.6315287244456,17.6532650691496,0,0,0,5.37912187973935,0,0,0.782109752634117,50,38.3159303268742,50,50,0,30,30,30,0,4.99820797285901,21.4610630220064,30,13.8961389195891,30,0,30,30,14.2121412680038,14.0795777701945,30,16.373452089243,30,30,0,30,0,30,30,30,30,30,30,0.3,0,0.0346263581068118,0,0,0,0,0,0,0.3,0.3,0.3,0,0,0,0,0.0185796174415923,0.104664608053019,0,0,0,0.146159959583765,0.3,0,0,0.00337788192818175,0.3,0,-50.5
"10",45.1167090878414,29.1946740411623,35.8253791054191,8.49005946380112,50,50,50,49.465916663672,0,50,0,48.7939885115411,50,0,24.6280084013925,30.3985131801116,28.4895546603391,0.272330346444396,0,0,18.1666146886768,0,0,3.07909214922387,50,28.748653637937,50,50,0,27.3865904370134,29.733850277774,30,2.81815657263408,8.51889154881201,19.5155907020475,30,19.0793097890067,30,0,30,29.347729748976,11.7883089994941,9.52990397836974,30,12.2552081865733,27.6478720941234,30,1.31615513878707,27.7851471984654,1.76781170677414,28.2015160576496,30,29.9790837888474,25.4800916316937,30,30,0.3,0,0.0694157481289954,0.0278778415896707,0,0,0.00380553763771754,0,0,0.29768759498884,0.3,0.3,0,0,0,0,0,0.174548548318752,0,0.0103965350128559,0,0.207593057149395,0.281664607932211,0.00273689490315798,0,0.132387486275887,0.3,0,-53.5
"11",50,42.0859730437977,38.8820162507414,3.0367134463315,50,50,50,50,0,50,0,50,50,0,28.7785775075853,33.0325775344049,21.8770298231002,0,0,0,9.85903315517146,0,0,2.80408157518061,50,30.1131608428735,50,50,0,30,30,30,0,4.56271378192941,24.3913032517134,30,12.3853728593749,30,0,30,30,13.1984295599794,14.3347625939964,30,16.3492526577677,30,30,3.19213133140402,30,0,30,30,30,27.0852687138513,30,30,0.3,0,0.045876784635042,0,0,0,0,0,0,0.3,0.3,0.3,0,0,0,0,0,0.132659859601022,0,0,0,0.178138623825179,0.3,0,0,0.0154882353836491,0.3,0,-47.5
"12",50,41.6566440035028,40.0150618217737,0,50,50,50,50,0,50,0,50,50,0,33.586207394442,33.6845042259619,24.6387442847905,0,0,0,11.5799226776357,0,0,3.32807694576571,50,23.9787120354285,50,50,0,30,30,30,0,3.56882514468423,24.4366815269012,30,10.9689190422879,30,0,30,30,10.1441285088346,15.5944862785616,30,15.4062322447133,30,30,4.48465502279765,30,0,30,30,30,26.7170806907413,30,30,0.297306669877699,0,0.0414169676671256,0,0,0,0,0,0,0.3,0.3,0.3,0,0,0,0,0,0.128711343203823,0,0,0,0.17997570839945,0.3,0,0,0.0209458808449778,0.3,0,-47
"13",50,42.8653802040438,36.3183420612706,4.08127426997003,50,50,50,50,0,50,0,50,50,0,26.8956261958424,34.969919440576,23.5832938863585,0,0,0,2.27511141050488,0,0,6.2589469679592,50,29.4288691984458,50,50,0,30,30,30,0,6.23625360154022,28.9815493269528,30,10.9741830015495,30,0,30,30,8.73803139709385,18.6919446497539,30,16.508807521711,30,30,5.7459029361095,30,0,30,30,30,27.1397778138238,30,30,0.299173194109194,0,0.0645242810799285,0,0,0,0,0,0,0.3,0.3,0.3,0.000434339800344752,0,0,0,0,0.114038586350277,0,0.000687673730696118,0,0.155070561464091,0.299802454905088,0,0,0.0152772691406831,0.3,0,-43
"14",50,42.9901385914026,31.3188010789973,4.52393369510258,50,50,50,50,0,50,0,50,49.8903871987235,0,35.746492771868,34.8857827367931,17.5129592828571,0,0,0,2.97966018825984,0,0,1.64441286075546,50,31.9418322429569,50,50,0,30,30,30,0,5.35152983522881,24.8857014512518,30,12.7040415554666,30,0,30,30,12.0531168462566,14.2468492860723,30,17.7038993439733,30,30,3.8610586494285,30,0,30,30,30,28.7105251265875,30,30,0.3,0,0.0784710006665873,0,0,0,0,0,0,0.3,0.3,0.3,0,0,0,0,0,0.12224619169658,0,0,0,0.163527432791795,0.3,0,0,0.00821062134953435,0.3,0,-45.2
"15",47.5237839201921,34.3282466787549,35.7234939442351,8.01450463862069,50,50,50,50,0,50,0,50,49.7252950387379,0,28.3564470968033,31.8064295205723,27.3452928182581,0,0,0,15.1789850140605,0,0,1.47130721077347,50,31.0111390764021,50,50,0,29.8511301437746,30,30,1.75152344397949,7.45542238611504,20.3035007377208,30,15.0274889550802,30,0,30,30,12.8256171713073,12.3009139095358,30,14.6706030344117,29.0445517209463,30,3.50090376700445,30,0,30,30,30,25.834744969086,30,30,0.3,0,0.0653172529667297,0.00501184773922122,0,0,0,0,0,0.3,0.290056644291565,0.3,0,0,0,0,0,0.144863793244139,0,0.00616308446010547,0,0.178793913144222,0.291421293487303,0,0,0.0677873373498328,0.298878639071572,0,-47.5
"16",50,41.8756749447434,38.191797112913,13.7641919803491,50,50,50,50,0,50,0,50,50,0,35.4965007993428,24.0522810107979,24.9415870016464,0,0,0,13.792774859578,0,0,1.85933822656847,50,23.4963708575392,50,49.3294061366688,0,28.4848402170922,30,30,0,10.9441829867889,25.3630289775426,30,12.398842960488,30,0,30,30,17.4820837540773,12.398066309065,30,15.1717504577894,26.852538316045,30,4.75687225165716,30,0,28.2977178576779,30,30,26.2830082851353,30,30,0.3,0,0.057337714726866,0.0214698628414271,0,0,0,0,0,0.3,0.3,0.3,0.00796338464461748,0,0,0,0.00433238196686547,0.161419844143878,0,0.000238926871637312,0,0.197585511650459,0.3,0,0,0.0524787750391269,0.297468082901463,0,-45.5
"17",50,43.3766338675078,37.9982863233341,1.55326745654923,50,50,50,50,0,50,0,50,50,0,27.7075690441641,35.0654192018297,21.0390145682338,0,0,0,7.01647238550586,0,0,4.42392804539453,50,30.796570534016,50,50,0,30,30,30,1.38513971536353,5.58403586231516,26.2837847903241,30,10.0452955115121,30,0,30,30,14.0825524698994,15.6693692293576,30,18.910469440173,30,30,1.20337075752643,30,0,30,30,30,29.8056946241383,30,30,0.3,0,0.0625590821283855,0,0,0,0,0,0,0.3,0.3,0.3,0,0,0,0,0,0.105866346915031,0,0,0,0.179497122713588,0.3,0,0,0.012362507469362,0.3,0,-47.8
"18",50,32.1262245662064,27.1923562071405,9.29850992825554,49.9071436764954,50,50,50,0,50,0,50,50,0,37.6388063479097,24.7918514599483,26.1907535066717,0,0,0,11.9681816041074,0,0.187862754380675,0.617247615801933,50,30.0360236986875,50,50,0,28.263849014016,30,30,0,6.65453820384632,20.4833399669419,30,15.2009756378295,30,0,30,30,10.1291832029987,11.485639698096,30,12.8727089698293,30,30,6.01343574989237,30,0,30,30,30,26.7584093582932,30,30,0.3,0,0.0676295031524196,0,0,0,0,0,0,0.2980449185342,0.3,0.3,0,0,0,0.00251125102884882,0,0.126504046559799,0,0.0192803879182781,0,0.196452636501373,0.3,0,0,0.0380706337613735,0.3,0,-45.3
"19",47.1474708290173,33.1943302987956,26.3147992445291,8.55637176705057,50,50,50,50,0,50,0,48.9334541769963,47.1595448978513,0,28.8569291541218,25.8487430970813,22.1457423270287,0,0,0,16.4271752276033,0,0,6.2251078534104,50,34.0527370567785,50,50,0,27.2975943212068,28.7885327097385,30,0,11.1954870926019,21.5671872733788,30,13.9177537030923,30,0,30,30,16.3192394833498,10.6567324271136,28.8333035257068,14.7029592344176,28.8760850817033,27.7655202140907,4.80265838098088,27.7885267429934,0.513151199472447,29.8415178099554,30,30,23.4170331362284,30,30,0.284565869469457,0.00475856175464317,0.0743854544772315,0.0133796624473965,0,0,0,0,0,0.289146595837706,0.290319972247397,0.3,0,0.00420026410130623,0,0,0.0319358196828112,0.168097382249913,0.00875437381825795,0.0195955360141262,0,0.208857106405133,0.287140857610068,0,0,0.110900001494921,0.291923379118367,0,-48.4
"20",50,42.1829220299652,27.8622448785538,3.24884601854863,50,50,50,50,0,50,0,50,50,0,25.995260876338,33.9155395533597,21.360716065646,0,0,0,3.37400623313488,0,0,5.03064097095491,50,47.4090229161021,50,50,0,30,30,30,0,0,28.6951631356067,30,11.7715561897978,30,0,30,30,8.00226518598687,19.5012829208272,30,18.4991909518281,30,30,0.928961626073681,30,0,30,30,30,28.9018834116542,30,30,0.3,0,0.0931820189672055,0,0,0,0,0,0,0.3,0.3,0.3,0,0,0,0,0,0.0729645870399817,0,0,0,0.120086501021661,0.3,0,0,0.026234376200621,0.3,0,-47.8
"21",50,41.8437032133838,40.3748894460257,7.58865000782271,50,50,50,50,0,50,0,50,50,0,35.0144757328266,27.8853978467002,23.8553813167343,0,0,0,12.819450032596,0,0,5.12190496470443,50,26.0544699560948,50,50,0,29.9043955291482,30,30,0,1.80085202179793,25.739411079545,30,13.3184885353608,30,0,30,30,15.8939604881725,13.0834858062699,30,14.7496014849397,29.5168649959308,30,5.82144620767434,30,0,30,30,30,27.7883424809635,30,30,0.3,0,0.0415616180029303,0,0,0,0,0,0,0.3,0.3,0.3,0,0,0,0,0,0.147326670734831,0,0,0,0.175564454322313,0.3,0,0,0.00863752795600187,0.3,0,-47
"22",23.7502223262359,42.9308504035381,40.2357722425303,12.9380813662661,34.7486610742624,50,50,49.3269922603291,0,50,0,50,50,0,48.0845010788299,32.0547075988867,11.9923658177913,0,0,0,10.367938444949,0,0,18.9534334713697,50,37.3650395297553,50,50,0,25.1250142103162,30,30,12.951084447476,17.822137614502,29.961631143372,16.5486143155833,23.2201907035482,30,0,30,30,25.314445482208,12.4854014945443,12.5833291872821,18.6175796319584,15.8547319824966,14.2094138868317,3.31985675004347,10.7912175799766,18.2186808538042,3.51090257839694,30,30,8.47895609112239,30,30,0.3,0,0.122500607828974,0,0,0,0,0,0,0.172192301082064,0.145389023915796,0.3,0,0,0.0139844329804217,0,0.144112811912363,0.134106482754975,0,0.134883763128943,0,0.156801621276545,0.150123542414644,0,0,0.250104154047644,0.3,0,-50.2
"23",50,44.2016994958083,37.8391367436015,2.29332592671909,50,50,50,50,0,50,0,50,50,0,30.3158373377178,32.840822283985,20.372991719819,0,0,0,7.713723603705,0,0,4.48645535579322,50,30.6732196724325,50,50,0,30,30,30,0,4.13829287093667,26.7068505918295,30,11.0891024682754,30,0,30,30,12.1075232441571,14.9199616656997,30,16.6800480743178,30,30,4.66405694988733,30,0,30,30,30,25.5011987109631,30,30,0.3,0,0.0592581236217223,0,0,0,0,0,0,0.3,0.3,0.3,0,0,0,0,0,0.120407493975651,0,0,0,0.182762041740317,0.3,0,0,0,0.3,0,-44.8
"24",46.8719510493061,26.1979602822869,33.0900787436254,9.04014882181212,50,50,50,50,0,50,0,50,50,0,25.4911419978325,29.7582399675901,32.327293611269,0,0,0,19.6935142633657,0,0,0.741944231206653,50,33.6963480402132,50,50,0,30,30,30,0,7.57720952876723,16.7718140456253,30,20.664262823013,30,0,30,30,13.2156128882039,9.00105105655066,30,10.1762502593792,25.6957403985296,30,1.32021395753278,30,0,30,30,30,26.9362974472908,30,30,0.3,0,0.0417905135490852,0,0,0,0,0,0,0.3,0.3,0.3,0,0,0,0,0,0.189596242379325,0,0,0,0.211380354408713,0.3,0,0,0.135774087041949,0.3,0,-52.9
"25",50,43.5062779182945,36.8186656587589,2.02934001253814,50,50,50,50,0,50,0,50,50,0,29.5863457309187,34.0669522631564,20.8330240334013,0,0,0,9.17511399568846,0,0,3.90380133326963,50,34.3474965795778,50,50,0,30,30,30,0,4.75442499601959,23.6008380036806,30,11.8293506631058,30,0,30,30,13.8960991501787,14.7862961655218,30,16.3309748359574,30,30,4.46036818392413,30,0,30,30,30,27.3929580472927,30,30,0.3,0,0.0503406809343587,0,0,0,0,0,0,0.3,0.3,0.3,0,0,0,0,0.00417778232600679,0.133330734264615,0,0,0,0.183542402792333,0.3,0,0,0.00869762236472398,0.3,0,-47.9
"26",50,38.7659433302138,37.8538354216012,3.62694850943898,50,50,50,50,0,50,0,50,50,0,28.5872215480446,29.6179923239506,23.2769517423271,0,0,0,11.4164612499635,0,0,4.59250013295493,50,27.9459805195826,50,50,0,29.2008748998274,30,30,0.220749408050467,4.65371422407413,24.453148534266,30,11.4229183042546,30,0,30,30,12.1620978478816,14.622708702549,30,15.4319130457269,30,30,3.80900418974732,30,0,30,30,30,24.8432596958437,30,30,0.297455406282709,0,0.0570692492912612,0,0,0,0,0,0,0.3,0.3,0.3,0,0,0,0,0,0.152108126532889,0,0,0,0.194826535907072,0.294627384933844,0,0,0.0387070535759763,0.3,0,-42
"27",50,23.7641336011271,23.9121563627338,4.58364419509733,50,50,50,50,0,50,0,50,50,0,34.3015226635647,28.8837625064963,24.4596354633153,0,0,0,13.4488411305644,0,0,0,50,34.5957024784578,50,50,0,30,30,30,0,5.68651484215056,14.9440851768017,30,22.0112305312432,30,0,30,30,11.4606523073239,6.01926495499138,30,7.85786888890664,30,30,2.97638013162269,30,0,30,30,30,28.6211090177171,30,30,0.3,0,0,0,0,0,0,0,0,0.3,0.3,0.3,0,0,0,0,0,0.139919449250145,0,0.000233844333219008,0,0.208072936634371,0.297711738979885,0,0,0.0355115712102922,0.3,0,-44
"28",50,46.925665083084,50,0,50,50,50,50,0,50,0,50,50,0,35.5021009298615,21.0646487062615,23.25368250522,0,0,0,2.97749696376687,0,0,7.11965778891914,50,24.7477890761062,50,50,0,30,30,30,0,0.82130847135109,30,30,6.29732617317028,30,0,30,30,5.55665218804257,21.4241663413126,30,17.9454692700815,30,30,2.87459037304518,30,0,30,30,30,23.8238204887769,30,30,0.3,0,0.113922396887199,0,0,0,0,0,0,0.3,0.3,0.3,0,0,0,0,0,0.122501225962162,0,0,0,0.205053621373402,0.3,0,0,0,0.3,0,-47.4
"29",50,41.0410169443392,28.6268242071442,0,50,50,50,50,0,50,0,50,49.8311982941889,0,27.3915293966329,19.3094808513814,29.4762696248131,0,0,0,0,0,0,0,50,23.6059828216938,50,50,0,29.3581599764849,30,30,1.56316783696003,5.80015105791396,23.836340042707,30,13.2347887031199,30,0,30,30,12.1939197654064,9.31051082481275,30,10.3475374207596,30,30,8.30247200820593,30,0,30,30,30,24.2201432982749,30,30,0.278459489803935,0,0.0427803055234817,0,0,0,0,0,0,0.3,0.3,0.3,0,0,0,0,0,0.11541936766315,0,0.00424994755592484,0,0.238043477471725,0.3,0,0,0.0187910853596198,0.3,0,-48.3
"30",50,41.2880214542355,31.1319101128757,4.50443694532708,50,50,50,50,0,50,0,50,48.9510645748472,0,35.2856318329391,31.3720729727765,21.5956611098991,0,0,0,3.41778480597278,0,0,0.167666983345017,50,35.9324559884848,50,50,0,30,30,30,0,5.94952686400201,23.0711695598344,30,13.7511007372938,30,0,30,30,11.7997189376144,13.0747374478847,30,13.9237885989549,30,30,2.9203017258007,30,0,30,30,30,28.4640065587556,30,30,0.3,0,0.0457028640246115,0,0,0,0,0,0,0.3,0.3,0.3,0.00364940804003736,0,0,0,0,0.110749397858742,0,0,0,0.189755107939188,0.3,0,0,0,0.3,0,-46
"31",50,50,46.7569422514602,0,50,50,50,50,0,50,0,50,50,0,34.9029559255407,27.7242973974011,16.3165585996411,0,0,0,2.73558312260682,0,0,6.23791562748527,50,27.8649806582231,50,50,0,30,30,30,0,1.0993278771361,29.4595554182222,30,6.5596524737055,30,0,30,30,10.5776298927663,18.9922710523259,30,18.6160055544532,30,30,8.32692224814613,30,0,30,30,30,22.9019077386814,30,30,0.3,0,0.0660571552745019,0,0,0,0,0,0,0.3,0.3,0.3,0,0,0,0,0.00989182753893453,0.087699832750982,0,0,0,0.201158328185083,0.3,0,0,0,0.3,0,-42
"32",50,19.9953624925795,34.0818790867306,2.09186811720815,50,50,50,50,0,50,0,50,49.6924109185581,0,21.3691958955504,30.7122677403671,34.9360673874564,0,0,0,20.4371617987678,0,0,0,50,33.5788359283077,50,50,0,28.1563610672776,30,30,5.64021546283309,6.0094583366189,16.5553442971163,30,22.1335009568575,30,0,30,30,15.4943074552427,10.0651352089888,30,5.84854616237609,24.2021530467389,30,1.62488923669159,30,0,30,30,30,29.1042951072538,30,30,0.3,0,0.0311746027221678,0.00391920244335756,0,0,0,0,0,0.3,0.3,0.3,0,0,0,0,0,0.198480136688086,0,0,0,0.233808741926754,0.3,0,0,0.137736648675345,0.3,0,-52.7
"33",50,46.5608860382807,32.0511397588229,0,50,50,50,50,0,50,0,50,50,0,23.1894704150662,41.0020638073143,27.8573205046963,0,0,0,12.9150314059694,0,0,1.79956778605661,50,28.6430208387792,50,50,0,30,30,30,0,5.10239282038238,21.8331591836793,30,12.9861714916658,30,0,30,30,7.49362109578236,13.4281446928659,30,13.4931855208673,30,30,2.69017537920416,30,0,30,30,30,27.3832504343019,30,30,0.3,0,0.0144918682004856,0,0,0,0,0,0,0.3,0.3,0.3,0,0,0,0,0,0.114409664436291,0,0,0,0.21564296733482,0.3,0,0,0,0.3,0,-46.8
"34",50,29.9926529681875,41.3576964655721,0,50,50,50,50,0,50,0,50,50,0,17.2621404269555,40.4041423355659,13.4363072533465,0,0,0,11.3667243031113,0,0,2.01143782569939,50,36.1721741473512,50,50,0,30,30,30,4.22467647429561,1.8894287984645,18.1282516370971,30,10.7401096455571,30,0,30,30,11.181162265589,9.0657599302521,30,12.8532314005105,30,30,1.75017231922573,30,0,30,30,30,27.2420170452787,30,30,0.3,0,0.0625885734473049,0,0,0,0,0,0,0.3,0.3,0.3,0,0,0,0,0,0.147433555666133,0,0,0,0.120443321461001,0.3,0,0,0.0378653317182036,0.3,0,-48.5
"35",45.3595419520299,30.6752395927826,39.0050198130433,7.14782886607967,50,50,50,50,0,50,0,50,50,0,23.0449549232676,27.6259686586243,29.1639161298983,0,0,0,20.9441739592274,0,0,4.7774505515406,50,29.3001666018501,50,50,0,28.7278864636918,29.321154018729,30,4.39650542283794,6.99311975127997,21.1745955582588,30,16.931002418346,30,0,30,30,12.0461113436039,11.4434520928763,30,12.4399781150978,27.6022481756598,30,4.34451605741406,28.1611050038683,0,28.4748565651754,30,30,24.7323141234027,29.128039130025,30,0.3,0,0.0760267804014743,0.00764294356553051,0,0,0,0,0,0.3,0.3,0.3,0,0,0,0,0.0330161213114131,0.168880634110238,0,0,0,0.196132697364787,0.3,0,0,0.0998362309190123,0.3,0,-47.4
"36",42.1717654262486,29.4528057726143,28.5727568042169,8.83842389212041,50,50,50,47.4948683102106,0,50,0,50,50,0,31.3669061180132,34.5624589656872,24.5052035362361,0,0,0,21.917410005917,0,0,2.00721396092166,50,37.9513103255541,50,50,0,30,30,30,0.088016957811373,7.62800120268045,18.1711676685437,27.9398641475248,18.8741319321656,30,0,30,30,16.6009099786952,11.0700031559281,30,12.8083354081209,25.3814385139034,29.7911767816496,2.97092891062261,30,0,30,30,30,26.4994862823688,29.4846309671806,30,0.3,0,0.0301430361305349,0,0,0,0,0,0,0.3,0.3,0.3,0,0,0,0,0.0406328883879562,0.140744641256082,0,0,0,0.206598345489602,0.3,0,0,0.0842028394480629,0.3,0,-47.1
"37",50,38.0925343606602,38.1292213056994,4.88353820852933,50,50,50,50,0,50,0,50,50,0,27.9233320708541,30.201085136856,24.9556680174063,0,0,0,11.9293240484338,0,0,0.455302605538833,50,27.7816598140228,50,50,0,30,30,30,0,5.21394092272076,23.8372532726356,30,12.9198684928493,30,0,30,30,12.3859486694144,14.2962471778288,30,14.8855609190685,30,30,4.01597429302787,30,0,30,30,30,26.0672949966583,30,30,0.3,0,0.0590409592183701,0,0,0,0,0,0,0.3,0.3,0.3,0,0,0,0,0.0018839406394931,0.145317191558213,0,0,0,0.19652809742347,0.3,0,0,0.04103357953197,0.3,0,-46.3
"38",50,40.2862569331206,36.5310061548425,4.27750747940269,49.7278254555293,50,50,50,0,50,0,50,50,0,28.8816535080651,29.3886001763121,24.4651267921315,0,0,0,9.79653698623379,0,0,5.11604756360161,50,27.2271898323688,50,50,0,30,30,30,0.557927807462058,5.38167962371819,24.9977272832247,29.4998889937344,12.3038110067236,30,0,30,30,11.8728224194576,14.1317619408537,30,15.9639103483534,30,29.2914111826145,5.1913452829212,30,0,30,30,30,25.2953230844674,30,30,0.3,0,0.0656267207779549,0,0,0,0,0.00112629888717164,0,0.3,0.3,0.3,0,0,0,0,0.0107713335170995,0.131405094616507,0.000700107394835443,0,0,0.185633051391193,0.298633671487409,0,0,0.0301709843828516,0.3,0,-43.7
"39",50,40.5808465419645,42.0123754576986,2.22000386879511,50,50,50,50,0,50,0,50,50,0,24.970200661937,28.1296112707398,25.0556712736457,0,0,0,9.62637384310451,0,0,4.88860117023408,50,24.700754273396,50,50,0,30,30,30,0,4.38831503864678,24.2644743934515,30,11.8706952680207,30,0,30,30,9.45833783458299,16.6362421900729,30,15.378496126211,30,30,4.9056337504309,30,0,30,30,30,25.7860423258475,30,30,0.3,0,0.0549286009702639,0,0,0,0,0,0,0.3,0.3,0.3,0,0,0,0,0,0.119425283366465,0,0,0,0.200092734713934,0.3,0,0,0.0163411888413438,0.3,0,-45.2
"40",50,39.2885605452163,33.8424433833438,4.05439157376939,50,50,50,50,0,50,0,50,48.832332275328,0,32.9894268093592,25.1582053108135,21.3531090604881,0,0,0,6.26861997270693,0,0,2.62055566756769,50,25.6050977147134,50,50,0,30,30,30,0,4.90992020797164,27.2057649273062,30,10.5332430048482,30,0,30,30,11.3321859468035,15.3535386728068,30,16.77942308403,30,30,5.96264201619448,30,0,30,30,30,25.1291565789564,30,30,0.298008399348953,0,0.0700343074574687,0,0,0,0,0,0,0.3,0.3,0.3,0.00292293269010748,0,0,0,0.00397347542434091,0.109839449341808,0,0.000942776020003835,0,0.212379574788126,0.3,0,0,0,0.3,0,-46.1
"41",50,39.3638103164326,46.7384877744748,0,50,50,50,50,0,50,0,50,50,0,30.4352850872735,34.2139688657616,18.0770437633763,0,0,0,10.4652739252866,0,0,6.27176640104009,50,28.0844509469813,50,50,0,29.9516039334997,30,30,0,1.52113641656552,27.5930594309551,30,10.1899970031736,30,0,30,30,13.9197181528699,15.3073025692076,30,17.1267596805586,30,30,5.75328670026117,30,0,30,30,30,25.0036599128383,30,30,0.299557094713697,0,0.0327432968472042,0,0,0,0,0,0,0.3,0.3,0.3,0,0,0,0,0.0122406553217239,0.143886064271983,0,0,0,0.200666615226399,0.3,0,0,0.0079506798899478,0.3,0,-47.3
"42",50,38.6842106171898,30.8860337737759,1.94736208946391,50,50,50,50,0,50,0,50,50,0,36.2994263325395,29.0530123815251,19.2953526374287,0,0,0,7.49279665655291,0,0,1.32340898537249,50,32.8005617885767,50,50,0,29.6550281446724,30,30,0,5.17353326003971,22.6811641667974,30,10.9067447061371,30,0,30,30,10.4803568555983,12.8330996009775,30,14.0072615331677,30,30,7.31889938724936,30,0,30,30,30,25.9831579998317,30,30,0.3,0,0.0368752536811088,0,0,0,0,0,0,0.3,0.3,0.3,0.00279394942046917,0,0,0,0,0.0959344407711706,0,0,0,0.208433453826629,0.3,0,0,0,0.3,0,-46.5
"43",37.8386405910402,22.8882038605402,27.6626977441989,8.72229912082611,43.3955155370887,43.7986678179719,44.0109957784813,49.4302049827226,10.7723447186637,49.0161552925668,1.81295853580434,44.3858940528175,47.6186651861704,8.68284753881819,24.6652502252703,29.2934169222933,25.1036875376539,0,6.92186885808233,2.86283627352639,19.0652285107892,3.25394791028554,3.40730184525884,8.32934597324692,44.5103605905973,33.594309258525,44.4351843757803,50,6.12132880743338,30,27.951527165161,23.2729116778118,1.69982732516013,11.1788266363678,15.100985355453,25.6091580296877,21.4455605221057,24.2235509840114,3.08742968766548,29.6600230895952,28.4772648365045,9.77556330535948,12.1456025278752,28.6053453383635,13.8697069925967,21.822244616424,28.0277036979476,3.82637799259196,30,0,30,25.2183060201048,27.5635715825992,28.4781920827862,29.5951554982672,24.9592136289348,0.257419495209316,0.0322554558429045,0.0864542067545556,0,0,0.000405633743334088,0.0220875735897477,0,0.0463308705254701,0.3,0.279564258639506,0.277604765891174,0,0,0.0440258257046727,0.000549528076651212,0.037487683125949,0.161932792342158,0,0,0.0176156981044197,0.170477331120255,0.289625189366287,0.0272293733780374,0.0324450165666325,0.0813541206036076,0.267384373042231,0.00811782765925038,-53
"44",50,45.1035724781074,40.0898173460973,0,50,50,50,50,0,50,0,50,50,0,27.1373418315386,35.6544018802854,20.8395639934857,0,0,0,8.48905614417309,0,0,5.63922863390812,50,31.6150741783233,50,50,0,30,30,30,0,3.427873408775,25.412363060907,30,9.23031235701435,30,0,30,30,12.1271424802212,16.1247790484397,30,17.1404793009726,30,30,5.4681087167688,30,0,30,30,30,25.6654859366384,30,30,0.3,0,0.0566345651637414,0,0,0,0,0,0,0.3,0.3,0.3,0,0,0,0,0.00944347955450913,0.126223779292174,0,0,0,0.184824052456346,0.3,0,0,0.00796694019438601,0.3,0,-44.9
"45",50,38.3347496392935,38.993107311139,12.1470821329779,50,50,50,50,0,50,0,50,50,0,26.8312502525473,34.1055042546191,27.5171161321165,0,0,0,14.4510782739893,0,0,0.0478208602385854,50,29.6203295810836,50,50,0,30,29.8415795226125,30,3.67937770793378,8.69215502277569,25.3931030757197,30,16.1107850605001,30,0,30,30,11.4933178940892,14.356926062643,29.9804612084565,14.761335424097,27.1324749806295,30,3.43649042424314,30,0,30,30,30,25.0553985943165,30,30,0.3,0,0.0739335805735225,0,0,0,0,0,0,0.3,0.294346324528906,0.3,0,0,0,0,0.00133230932303656,0.126728741243823,0,0,0,0.196214795231447,0.291776253247243,0,0,0.0795023207980803,0.3,0,-48.6
"46",47.8407037756624,50,33.4942538215275,0.739598878286183,50,50,50,50,0,50,0,50,50,0,37.402331445718,34.0459511367461,19.6293053500175,0,0,0,4.13859185210556,0,0,4.62199393722607,50,28.100746921256,50,50,0,30,30,30,1.05196363021925,6.51839421711912,29.4171345767956,30,3.37051655808052,30,0,30,30,12.3015610538413,17.2178083770003,30,17.0096972187988,30,30,2.79579739439644,30,0,30,30,30,29.9236689356552,30,30,0.3,0,0.0645099741766626,0,0,0,0,0,0,0.3,0.3,0.3,0,0,0,0,0,0.0722059284847456,0,0,0,0.115162335314037,0.3,0,0,0,0.3,0,-45.3
"47",49.3119659420254,34.7800480568207,34.4533829727645,8.84065047524056,50,50,50,50,0,50,0,50,49.0920965248331,0,29.5023521638729,26.8626894220025,23.9772729860259,0.416040515024317,0,0,8.63367292243242,0,0,2.28550831086115,50,32.0274311166084,50,50,0,30,30,30,0,4.99622749185241,24.6616473776365,30,13.8579122968208,30,0,30,30,11.0108100558303,11.6718068612892,30,14.5400164748695,30,29.9674771304115,5.6088626213641,30,0,29.6061808385914,30,30,25.5101896536559,30,30,0.299300619409976,0,0.0483959098255426,0,0,0,0,0,0,0.3,0.3,0.3,0,0.00148895557162652,0,0,0.00663295985765379,0.155717698570817,0,0.00333022121083515,0,0.204513021084905,0.3,0,0,0.0576170378508548,0.3,0,-47.3
"48",46.6934505270323,38.8293254828208,36.1883409513358,5.06670746776052,50,50,50,50,0,50,0,50,50,0,28.2295871500958,33.7651900003661,22.9239215266506,0,0,0,14.4893286487894,0,0,2.36729068406959,50,31.4485471383745,50,50,0,30,30,30,1.82617721496505,7.84053296115022,22.9993208138302,30,13.1088619190563,30,0,30,30,14.3213387115976,13.5482691516089,30,14.9590884367106,29.4894988272086,30,3.98123374913089,30,0,30,30,30,26.9281488608069,30,30,0.3,0,0.0445463565192517,0,0,0,0,0,0,0.3,0.3,0.3,0,0,0,0,0,0.110085195574618,0,0,0,0.171719684127352,0.3,0,0,0.0603484957246039,0.3,0,-46.6
"49",50,49.246430941711,40.7291355019272,1.85682492312129,50,50,50,50,0,50,0,50,50,0,28.3298253862099,29.4475936043052,21.8901946697866,0,0,0,5.2993236405414,0,0,7.22740647755658,50,23.6802171799822,50,50,0,30,30,30,1.7575508366046,4.01695535360362,27.6785152500375,30,6.94955572996371,30,0,30,30,10.6816333497679,17.0710168971959,30,17.906798590418,30,30,5.76918889483918,30,0,30,30,30,24.4440756153145,30,30,0.3,0,0.074857472445838,0,0,0,0,0,0,0.3,0.3,0.3,0,0,0,0,0.00809324230290728,0.123365272492173,0,0,0,0.175636334608978,0.3,0,0,0,0.3,0,-43.7
"50",50,41.1299385812255,27.4994379176376,3.44152399116329,50,50,50,50,0,50,0,50,50,0,37.2406607107918,30.5776889325401,20.1441790076791,0,0,0,4.81144101867215,0,0,0.63180148920161,50,31.7473145268988,50,50,0,30,30,30,0,6.88642594223074,24.8968422904438,30,14.7297474259998,30,0,30,30,12.3827522475172,11.6401273040203,30,13.1762520076874,30,30,3.28883991044954,30,0,30,30,30,26.8626869557475,30,30,0.3,0,0.0499630411109612,0,0,0,0,0,0,0.3,0.3,0.3,0,0,0,0,0,0.0938773110401285,0,0,0,0.183184447120331,0.3,0,0,0.00180320921654523,0.3,0,-45.7
"51",50,0,50,3.91475366364419,50,49.7218383738671,50,33.5449525041697,0,47.8400822344291,0,50,50,0,0,17.9968357701575,47.4953699765227,3.19089527668812,0,0,22.3453560383859,0,0,0,50,29.5248631062195,50,50,0,30,23.8800719865612,30,6.08843611848586,15.2693978931018,2.25465295781327,17.9921537515242,30,30,0,30,22.7585184405951,7.59561130406536,0,30,0,6.31857234597441,3.16526502298128,11.5430553524635,30,0,9.72815449243565,30,30,30,26.826815022492,30,0.3,0,0,0.0374864081493268,0,0,0,0.0465952902951682,0,0.257559095106303,0.3,0.3,0,0,0,0,0,0.119169296330399,0,0.0131090810134865,0,0.3,0.3,0,0,0.3,0.3,0,-58.6
"52",50,38.2316979999585,37.328289321233,0,50,50,50,50,0,50,0,50,50,0,24.2374050675235,26.0831646313756,23.8232428348683,0,0,0,5.71704288059163,0,0,2.60320156723757,50,26.6137681114229,50,50,0,30,30,30,0,1.53308508462263,24.8608327965417,30,12.1696565149974,30,0,30,30,12.2258358784834,14.1999548416655,30,14.7729330813449,30,30,3.85772786286975,30,0,30,30,30,25.9519203157575,30,30,0.3,0,0.0396213909469559,0,0,0,0,0,0,0.3,0.3,0.3,0,0,0,0,0.0053067493005326,0.146695866528928,0,0,0,0.183742881282208,0.3,0,0,0,0.3,0,-47.2
"53",41.2291702512417,24.002537372356,35.3456791791778,7.91250114467179,50,50,50,50,0,50,0,50,50,0,20.6426079753287,27.3202128917126,31.4945835891479,0,0,0,23.9836019816451,0,0,3.79848871411947,50,29.9886398043174,50,50,0,29.1819467642503,30,30,5.86255082516121,5.50817437989407,15.6611319409802,26.1306746161956,22.0617452969154,30,0,30,30,12.4006105541296,6.94934083497147,29.9154223864381,8.1758300666082,24.2050468466419,27.9351549265062,1.65333395123609,29.8533543809927,0.121859866342109,26.7045780192732,30,30,26.4717774861976,27.0840762435641,30,0.289101893695505,0,0.0488024926775177,0.0170743372239257,0.00355799170382858,0,0,0.0345588355200738,0,0.3,0.3,0.3,0,0,0,0,0.00247524546005235,0.203342548357372,0,0,0,0.235286802709305,0.3,0,0,0.158681967410257,0.3,0,-54.1
"54",50,36.6517647419448,38.9596185147741,0.702659954729881,50,50,50,50,0,50,0,50,50,0,30.4601788572316,31.5216745581714,17.7441034672583,0,0,0,16.443291819298,0,0,4.74455035466931,50,28.8458338702798,50,50,0,30,30,30,0,3.40677642175875,25.5068333362466,30,12.5401642014847,30,0,30,30,12.9127730536458,12.6983282459974,30,13.9737008581711,30,30,4.74311904443401,30,0,30,30,30,25.8626528078532,30,30,0.3,0,0.0359414073258744,0,0,0,0,0,0,0.3,0.3,0.3,0,0,0,0,0,0.140642330012655,0,0,0,0.198200052694269,0.3,0,0,0,0.3,0,-47.1
"55",47.1061604860514,20.7687099745916,44.1602641220743,7.11832517236007,50,50,50,50,0,50,0,50,50,0,14.1329019600732,31.9662123720819,31.6215406178532,0,0,0,26.5364226251763,0,0,4.09688684897557,50,31.9894084300916,50,50,0,30,30,30,13.4784461537731,2.80522409856626,11.9172912325041,25.5290221544983,18.5533540900357,30,0,30,30,10.8208017538709,11.8673333515152,29.9441669090344,7.26628976428283,24.088249771318,22.859145318196,5.22634391239682,25.8570696102475,0,21.693075285702,30,30,28.0679624081968,19.9705742655142,30,0.3,0,0.0718770352510553,0.000930166469490046,0.00941949941238393,0,0,0.0549308055370435,0,0.3,0.3,0.3,0,0.00104692193499701,0,0,0,0.216594420662964,0,0.0430586354173051,0,0.250882354215395,0.263553334389498,0,0,0.168431081645632,0.3,0,-50.3
"56",45.496597398665,29.0664582764154,34.5960320260804,10.8690066580879,50,50,50,49.2588182604095,0,50,0,50,49.0821591957807,0,19.3822005540936,27.0320267155033,31.6860946381519,0.761812590657215,0,0,24.9446996238016,0,0.592253578645991,6.65900856517462,50,29.8816074652271,50,50,0,25.6379644070723,30,30,9.32336018938933,10.8924604759578,22.1313722733466,30,18.7194258539662,30,0,30,30,9.37637737812813,12.5801273653955,30,10.656856135444,23.7957970496026,30,6.0153757737052,26.3684295336445,0.575809628140448,29.2527753356515,30,30,28.2487881601129,27.6557091383067,30,0.296971330408512,0,0.0755950159073116,0.00935886768649954,0.00885400509079752,0,0,0.00681999742135571,0,0.3,0.296400378902404,0.3,0.000442320412585091,0,0,0,0.048530901116463,0.180091495525536,0,0,0,0.19145406868504,0.295355419764067,0,0,0.132596397347989,0.3,0,-45.3
"57",47.3100049052586,32.9210834141422,34.988694695714,7.09132469689282,50,50,50,50,0,50,0,50,49.6639305850732,0,26.9613970090054,30.5220514587842,27.1348649166566,0.0793788775957473,0,0,15.5816322176752,0,0,3.93473198731804,50,31.396105315039,50,50,0,30,30,30,1.12992247968224,7.41742707999458,20.0614560654629,30,16.2800160243283,30,0,30,30,12.9905121967259,12.2805309982857,30,13.668667004716,28.6808943247816,30,3.21538616042658,30,0,30,30,30,26.607113060886,30,30,0.298832832846522,0,0.064900862523666,0,0,0,0,0,0,0.299999831736417,0.3,0.3,0,0,0,0,0,0.162819272381336,0,0.00191638141522207,0,0.188713917872073,0.3,0,0,0.0898960393391379,0.299588225731531,0,-45.1
"58",50,39.6706938468666,28.8502770640078,8.29056279880178,49.5711577605675,50,50,50,0,49.8810740016774,0,50,49.2689633031984,0,38.5238425175986,32.6640396244926,20.524056301727,0,0,0,1.64371425042249,0,0.216015273470492,4.73871545427756,50,30.9248316675246,50,50,0,30,30,30,0,5.32288886041112,24.2057643466002,30,13.7449136116288,30,0,30,30,13.9681567155419,16.4569517033913,29.5381235582868,17.9481866190662,30,30,5.69021640080017,29.5492705491584,0.394858770767579,30,30,30,27.2508317100295,30,30,0.29013177795461,0,0.0820249747428256,0.00480804019440969,0,0,0,0,0,0.297200983176693,0.297421615885378,0.3,0,0,0,0,0,0.108960712352354,0,0.00805378348899269,0,0.162311049449956,0.3,0,0,0,0.297805114743109,0,-42.9
"59",46.7521093663013,22.0274937490839,35.4721812673173,10.361842054201,50,50,50,50,0,50,0,50,50,0,24.9460956085418,29.8252913024066,35.4726907699759,0,0,0,19.5369252375493,0,0,0.252391823116422,50,32.4491185031028,50,50,0,30,30,30,0,8.0558146774859,16.6751803159109,30,22.124121301458,30,0,30,30,10.5768455035009,6.57348232949108,30,10.0355691554281,24.9522322131678,30,1.18637786586765,30,0,30,30,30,28.8380278122759,30,30,0.3,0,0.0302768483872557,0,0,0,0,0,0,0.3,0.3,0.3,0,0,0,0,0,0.197882193501593,0,0,0,0.24578562060674,0.3,0,0,0.122183758936896,0.3,0,-51.8
"60",44.0288286499125,36.2731619515642,30.1964017415831,0.963283093902915,50,50,50,50,0,50,0,50,50,0,39.4411795069299,21.384831775859,20.5276716284127,0,0,0,3.78492152852231,0,0,2.76927531865791,50,22.368033935884,50,50,0,30,30,30,0,10.7696558154557,19.5223387771827,30,18.3810756178018,30,0,30,30,16.2014170014592,14.9792242127172,30,16.2567119489935,25.6051700868638,30,5.51441514669963,28.9701452614525,0,30,30,30,24.7053293460299,30,30,0.285948482714739,0,0.0351209037856199,0.0116898598204993,0,0,0,0,0,0.3,0.3,0.3,0.00481773249289635,0,0,0,0,0.138733335442401,0,0,0,0.167307136395039,0.3,0,0,0.0226613885984117,0.3,0,-48
