"","accuracy","NA","NA","NA","NA","NA","NA","NA","NA","NA","NA","NA","NA","NA","NA","NA","NA","NA","NA","NA","NA","NA","NA","NA","NA","NA","NA","NA","NA","NA","NA","NA","NA","NA","NA","NA","NA","NA","NA","NA","NA","NA","NA","NA","NA","NA","NA","NA","NA","NA","NA","NA","NA","NA","NA","NA","NA","NA","NA","NA","NA","NA","NA","NA","NA","NA","NA","NA","NA","NA","NA","NA","NA","NA","NA","NA","NA","NA","NA","NA","NA","NA","NA","NA","NA"
"1",50,40.1992827478326,37.7007445100745,2.38142895753636,50,50,50,50,0,50,0,50,50,0,29.7675782698673,33.4698477012967,20.9441999989862,0,0,0,10.4949567674815,0,0,4.5667310899371,50,31.9021983535867,50,50,0,30,30,30,0,4.08938972465553,22.7972072014211,30,12.3573828899688,30,0,30,30,13.3058946778432,14.6986721850497,30,15.3612920898499,30,30,4.78787695176846,30,0,30,30,30,25.8525030268929,30,30,0.3,0,0.0418044516190218,0,0,0,0,0,0,0.3,0.3,0.3,0,0,0,0,0.0083118335640489,0.136739103562543,0,0,0,0.189094171561249,0.3,0,0,0.0149902874961639,0.3,0,-46
"2",50,48.7112643980647,31.9991332138934,3.29256218984708,50,50,50,50,0,50,0,50,50,0,38.8294992855081,34.5138640428645,17.6762240071053,0,0,0,0,0,0,5.70011417693489,50,32.4807456785045,50,50,0,30,30,30,0,4.75571959638252,27.9956571795322,30,10.5508799621911,30,0,30,30,13.9656293653676,17.3330021777223,30,20.0036347607457,30,30,4.10815424138957,30,0,30,30,30,28.0591452312691,30,30,0.3,0,0.0737508576698801,0,0,0,0,0,0,0.3,0.3,0.3,0,0,0,0,0,0.0891410970075607,0,0,0,0.147003985837181,0.3,0,0,0,0.3,0,-40
"3",50,41.4316945745669,37.9356226671166,0,50,50,50,50,0,50,0,50,50,0,33.5601938089479,34.7463494054195,20.4305807305395,0,0,0,5.55738429691439,0,0,4.56581244249047,50,28.8548659999148,50,50,0,30,30,30,0,4.62347123965453,26.4265269330923,30,11.5101522423718,30,0,30,30,12.6587619999598,16.3411611096447,30,17.1238534814853,30,30,4.09030024227146,30,0,30,30,30,27.2073462196329,30,30,0.3,0,0.0465121760348594,0,0,0,0,0,0,0.3,0.3,0.3,0,0,0,0,0,0.110163174635669,0,0,0,0.18231498574907,0.3,0,0,0.0184267782526954,0.3,0,-46.9
"4",50,50,30.78482256044,1.48999951029768,50,50,50,50,0,50,0,50,50,0,42.8403767107763,35.6038402025404,15.8491560098883,0,0,0,0,0,0,6.49629908099683,50,32.6229419517091,50,50,0,30,30,30,0,4.31642408978094,30,30,9.67185039765904,30,0,30,30,14.0107435117378,18.3633540625297,30,20.9829269856432,30,30,4.71633660845295,30,0,30,30,30,27.8660959343547,30,30,0.3,0,0.0767446069836071,0,0,0,0,0,0,0.3,0.3,0.3,0,0,0,0,0,0.0706367989073784,0,0,0,0.141158334743223,0.3,0,0,0,0.3,0,-42.5
"5",50,37.0155875574181,32.4813786124689,4.78674563114588,50,50,50,50,0,50,0,50,50,0,32.6318765128446,30.5061064046904,24.0424759312996,0,0,0,9.06641539227353,0,0,2.67394227250932,50,32.1805403638034,50,50,0,30,30,30,0,5.47501904105967,22.4110055075377,30,14.7437711611659,30,0,30,30,12.4079937941375,12.8013377911086,30,14.1466539115002,30,30,3.82127675869086,30,0,30,30,30,29.2914853023646,30,30,0.3,0,0.053998672397603,0,0,0,0,0,0,0.3,0.3,0.3,0.000423151405629666,0,0,0,0.00233473022772559,0.128840256447721,0,0,0,0.191317940012849,0.3,0,0,0.0433983914352524,0.3,0,-45.4
"6",50,48.4328572346052,35.3387789459836,8.72592346384814,50,50,50,50,0,50,0,50,50,0,37.971748440872,34.1313214477594,21.0787087548694,0,0,0,0,0,0,1.65918934131488,50,37.7423725288271,50,50,0,30,30,30,0,8.66939455376185,28.6925810712734,30,9.74111403680799,30,0,30,30,15.7017824522065,14.1646482937285,30,16.2305428895692,29.2622818685065,30,5.48828466921156,30,0,30,30,30,28.4942797836889,30,30,0.3,0,0.0561857113618538,0,0,0,0,0,0,0.3,0.3,0.3,0.00109156451383663,0,0,0,0,0.0904945280677907,0,0,0,0.181361643079999,0.3,0,0,0,0.3,0,-41
"7",50,40.6273648005327,36.1365221771675,5.58759542731131,50,50,50,50,0,50,0,50,50,0,33.5706139887193,30.4169512561326,22.6579275498024,0,0,0,8.078738763246,0,0,9.01610191210706,50,27.6675381215488,50,50,0,30,30,30,0,4.99938534975256,26.9085148287882,30,10.8231641182985,30,0,30,30,13.2305157687099,16.1501545088054,30,17.7567457077704,30,30,7.18226321452281,30,0,30,30,30,24.3262968322365,30,30,0.3,0,0.0731116059481061,0,0,0,0,0,0,0.3,0.3,0.3,0,0,0,0,0,0.133948662897653,0,0,0,0.180627008386257,0.3,0,0,0.0380794846171398,0.3,0,-44
"8",50,50,38.7467907554124,0,50,50,50,50,0,50,0,50,50,0,42.287382234666,40.6802770727619,18.1494921260352,0,0,0,0,0,0,4.74659481267081,50,23.993052555005,50,50,0,30,30,30,0,6.2538738103299,30,30,7.05521690549782,30,0,30,30,17.1734734128438,22.1243393263294,30,23.6901251501836,30,30,5.63787028491391,30,0,30,30,30,23.8252275879694,30,30,0.3,0,0.0497174859607617,0,0,0,0,0,0,0.3,0.3,0.3,0,0,0,0,0,0.0431303046786154,0,0,0,0.146532207032365,0.3,0,0,0,0.3,0,-42.7
"9",49.4849804949617,42.1429679968498,33.1155041247716,3.89912026531186,50,50,50,50,0,50,0,50,49.9512872834445,0,33.8997664409792,33.7073654662683,20.821540224255,0,0,0,5.921394675596,0,0,3.51683895194835,50,33.4717056602848,50,50,0,30,30,30,0,5.23949824515086,23.7565174183617,30,13.3740389804254,30,0,30,30,13.4145918161514,14.5707977687295,30,16.4577183671014,30,30,2.93795921504747,30,0,30,30,30,29.304155306402,30,30,0.299475519164657,0,0.0563791110788287,0,0,0,0,0,0,0.3,0.3,0.3,0,0,0,0,0.00647842687329208,0.113594736252042,0,0,0,0.16727875418851,0.3,0,0,0.025683862449572,0.3,0,-44.8
"10",50,47.4919401024519,34.5781318475362,0.876083439772544,50,50,50,50,0,50,0,50,50,0,36.9579283966664,33.1757499136127,18.379015998699,0,0,0,1.0584702668626,0,0,4.17449637681191,50,31.7215983918676,50,50,0,30,30,30,0,3.94358128220541,27.841174004966,30,9.3731088039134,30,0,30,30,13.2183418749646,17.1552898455032,30,18.3322109736923,30,30,6.2052573543283,30,0,30,30,30,27.6060483069191,30,30,0.3,0,0.0533400016713539,0,0,0,0,0,0,0.3,0.3,0.3,0,0,0,0,0.00145791590189147,0.094672550883358,0,0,0,0.169159710361322,0.3,0,0,0,0.3,0,-40.1
"11",50,45.7073438082195,38.5480952688792,3.49434759243357,50,50,50,50,0,50,0,50,50,0,30.2132897871747,35.7276384176484,19.9407366831163,0,0,0,6.43458009077022,0,0,6.0012823904324,50,27.5786812353618,50,50,0,30,30,30,0,5.87535950972585,27.4938682187014,30,10.7652215289958,30,0,30,30,14.2149897406781,18.2221570742749,30,20.2086166289094,30,30,3.70589635815659,30,0,30,30,30,26.1558968834318,30,30,0.3,0,0.0791881201803539,0,0,0,0,0,0,0.3,0.3,0.3,0,0,0,0,0.00127224088273711,0.132492029164665,0,0,0,0.156746417454932,0.3,0,0,0.0242456032846946,0.3,0,-47.3
"12",50,46.6240707926662,28.8490029379951,3.17977841873452,50,50,50,50,0,50,0,50,50,0,38.7071253644417,33.7768686403822,16.1323672697628,0,0,0,0,0,0,6.43369035330884,50,36.4011039741652,50,50,0,30,30,30,0,5.88321584907023,27.7297735864819,30,11.8433113557561,30,0,30,30,15.3416922578256,16.6595374956806,30,19.8725106334892,30,30,4.39741366365245,30,0,30,30,30,28.1885343136442,30,30,0.3,0,0.0826551641853863,0,0,0,0,0,0,0.3,0.3,0.3,0,0,0,0,0,0.0826246869354883,0,0,0,0.153102375853266,0.3,0,0,0.00149338045817257,0.3,0,-42.2
"13",50,46.2776900519937,33.3031807166944,3.45034091585376,50,50,50,50,0,50,0,50,50,0,35.6115467873593,34.9958221066655,19.3620962073306,0,0,0,0.384287798327771,0,0,5.95910738677116,50,31.4912391627115,50,50,0,30,30,30,0,5.27724397900673,28.1974129937482,30,10.8121960404674,30,0,30,30,12.3061885689962,17.7382678544929,30,18.7663259270585,30,30,4.63485074502018,30,0,30,30,30,27.8493112869125,30,30,0.299888679125845,0,0.0702942063222223,0,0,0,0,0,0,0.3,0.3,0.3,0,0,0,0,0,0.0937052446339662,0,0,0,0.150473013765416,0.3,0,0,0.00550608806049683,0.3,0,-40.2
"14",50,49.6671716632084,37.0040591782189,1.25141941765049,50,50,50,50,0,50,0,50,50,0,36.11606105636,34.2439459949741,16.1563775178032,0,0,0,0.765882703950685,0,0,6.9966133812872,50,28.1421459450686,50,50,0,30,30,30,0,3.70750185842538,29.8014571687866,30,7.54986076706814,30,0,30,30,13.0392478972436,18.8120850869786,30,20.6777827383867,30,30,6.05427710981775,30,0,30,30,30,25.7730704578521,30,30,0.3,0,0.0734551675074004,0,0,0,0,0,0,0.3,0.3,0.3,0,0,0,0,0,0.0919883993619769,0,0,0,0.156356267303787,0.3,0,0,0,0.3,0,-40.9
"15",50,48.6334905451237,34.9102997220488,3.6771904890795,50,50,50,50,0,50,0,50,50,0,38.8878463168028,36.8956726167519,17.4445155049278,0,0,0,1.65182191390553,0,0,5.47484455978027,50,32.2328890552743,50,50,0,30,30,30,0,6.10196170476812,26.8947811045242,30,8.42078306244133,30,0,30,30,13.4338860285891,17.316519617383,30,21.2377034179393,30,30,4.03037603995133,30,0,30,30,30,26.8568130109646,30,30,0.3,0,0.0714839288347874,0,0,0,0,0,0,0.3,0.296721239752311,0.3,0,0,0,0,0,0.0685269473841234,0,0.00203223910754809,0,0.127713372346543,0.299802590378265,0,0,0,0.299630238146633,0,-40.9
"16",50,47.3064915960978,36.6733902940203,4.3652921484988,50,50,50,50,0,50,0,50,50,0,35.7979801881538,30.9431110684675,20.0513689094193,0,0,0,4.69917647090379,0,0,4.67351430322407,50,28.6499296747859,50,50,0,30,30,30,0,6.55834039060503,27.6446828343386,30,10.1547235112189,30,0,30,30,14.3174558224347,15.6393243943297,30,19.0057127470057,30,30,5.47634949381952,30,0,30,30,30,26.851185334706,30,30,0.3,0,0.0564457223199386,0,0,0,0,0,0,0.3,0.3,0.3,0,0,0,0,0,0.114446584470021,0,4.6390539482557e-05,0,0.177098362717385,0.3,0,0,0,0.3,0,-43.5
"17",50,46.9346672985146,31.5855386967207,4.48704983659327,50,50,50,50,0,50,0,50,50,0,40.4041737267202,32.225943485075,15.1836877516026,0,0,0,1.63229074186485,0,0,6.18604829595717,50,33.3268264989843,50,50,0,30,30,30,0,4.22917867221243,27.4290691672723,30,9.65167664994417,30,0,30,30,12.978097796044,18.3744441619578,30,20.3551328985475,30,30,6.03278569569931,30,0,30,30,30,27.196834481881,30,30,0.3,0,0.0732241105355963,0,0,0,0,0,0,0.3,0.3,0.3,0,0,0,0,0,0.075774223389292,0,0,0,0.168527143049121,0.3,0,0,0,0.3,0,-41.2
"18",50,38.8561873322936,30.3143601438744,4.68650722214693,50,50,50,50,0,50,0,50,50,0,37.3293988215014,29.4989247759052,22.4012144817687,0,0,0,6.81865530331637,0,0,2.62864091892135,50,32.5449628104532,50,50,0,30,30,30,0,5.61255290396997,23.279478591593,30,12.5840948647725,30,0,30,30,11.6067759902481,13.0650613411827,30,16.3048597182321,30,30,4.31899091825467,30,0,30,30,30,25.4338430779429,30,30,0.3,0,0.0650064209594617,0,0,0,0,0,0,0.3,0.3,0.3,0,0,0,0,0,0.112979650371831,0,0,0,0.175427550398604,0.3,0,0,0.00280836780557466,0.3,0,-46
"19",50,41.0953994315645,33.7464673031644,3.15016148009334,50,50,50,50,0,50,0,49.919260783341,49.9216864445978,0,31.9182086737861,29.9988340539376,20.7516547309219,0,0,0,8.08941526906432,0,0,4.07487616859295,50,31.0849488456123,50,50,0,29.7470015681435,30,30,0,6.4456551023656,25.3961554174299,30,11.3593652562781,30,0,30,30,13.4488418523227,14.0984070693507,29.9122907706297,16.5903555315105,30,30,5.52805272136999,29.9267688147567,0.0761237856425252,30,30,30,25.24885397611,30,30,0.3,0.000352147571679217,0.0570232192746012,0.000952038310180743,0,0,0,0,0,0.299184449336169,0.3,0.3,0,0.000461183270388105,0,0,0.0095202936178295,0.127977980618915,0.000668848871127976,0.00177479983517657,0,0.193729591668964,0.3,0,0,0.0184226764643223,0.299579601665028,0,-42.6
"20",50,50,35.5438994365198,1.69206964441436,50,50,50,50,0,50,0,50,50,0,45.5310245105546,35.1077957141973,15.5878105180168,0,0,0,0,0,0,5.46268444832108,50,26.7266858826433,50,50,0,30,30,30,0,0,27.7332688803644,30,9.81926063714612,30,0,30,30,16.3360084708133,16.3120123948934,30,20.1049229344657,30,30,5.34554703021754,30,0,30,30,30,27.5270929701954,30,30,0.3,0,0.0579954977232925,0,0,0,0,0,0,0.3,0.3,0.3,0,0,0,0,0,0.091682208952821,0,0,0,0.16872099115102,0.3,0,0,0,0.3,0,-40.6
"21",50,43.7462207233277,29.1772419202694,4.30274800710305,50,50,50,50,0,50,0,50,50,0,41.0505162466004,32.9461765751236,19.0741077398018,0,0,0,1.14262711779782,0,0,4.57514486899692,50,33.5326099081962,50,50,0,29.9611117784745,30,30,0,5.01414729841916,25.9074817086235,30,12.7972901462897,30,0,30,30,13.6781910555179,15.4123372999642,30,17.620333122742,29.4990609095776,30,3.77917638623764,30,0,30,30,30,28.2385855053433,30,30,0.3,0,0.0661738503020827,0,0,0,0,0,0,0.3,0.3,0.3,0,0,0,0,0,0.0896001551084226,0,0,0,0.160167263313259,0.3,0,0,0.014625476801831,0.3,0,-41.8
"22",50,46.9123618798277,25.4225315790331,0,50,50,50,50,0,50,0,50,50,0,32.2204636818014,35.0784375434766,23.2380286311319,0,0,0,0,0,0,0,50,28.8462343960394,50,50,0,30,30,30,0,0,24.5769144766312,30,3.13825075539833,30,0,30,30,5.0381430508731,19.1978357443044,30,18.4273135876679,30,30,5.26206333455791,30,0,30,30,30,30,30,30,0.3,0,0.0271103866198649,0,0,0,0,0,0,0.3,0.3,0.3,0,0,0,0,0,0.0632102493693541,0,0,0,0.162658236769704,0.3,0,0,0,0.3,0,-44.8
"23",50,50,38.9911741867171,0,50,50,50,50,0,50,0,50,50,0,28.7904185944901,36.2477965169434,18.7917553969393,0,0,0,7.54748788935283,0,0,7.29754607254799,50,33.5337282976983,50,50,0,30,30,30,0,0,30,30,8.20142416622682,30,0,30,30,7.5061022034655,15.6006496500491,30,18.5500967274552,30,30,8.65870105630667,30,0,30,30,30,23.1840970587465,30,30,0.3,0,0.0547910524984428,0,0,0,0,0,0,0.3,0.3,0.3,0,0,0,0,0,0.0932902465600858,0,0,0,0.195956142932231,0.3,0,0,0,0.3,0,-43.4
"24",49.7913835483265,39.8019891834005,34.0124903621588,0.590147565893615,50,50,50,50,0,50,0,50,50,0,33.7065301823973,28.9290293518629,23.050085275484,0,0,0,9.18781627457219,0,0,4.68442603366229,50,31.3994492074559,50,50,0,30,30,30,0,4.98262932948683,23.8950639607998,30,11.8189568756869,30,0,30,30,11.0149484022291,14.3407053888051,30,15.8152463147563,30,30,5.17631169762871,30,0,30,30,30,26.5474729633142,30,30,0.3,0,0.0530541190961533,0,0,0,0,0,0,0.3,0.3,0.3,0,0,0,0,0,0.122764938447979,0,0,0,0.184584802465771,0.3,0,0,0.0164892629526992,0.3,0,-45.2
"25",50,48.5479797104273,29.9185911709737,3.83736893769055,50,50,50,50,0,50,0,50,50,0,43.9694380476041,34.8189395959774,16.4572999220518,0,0,0,0,0,0,6.69891993363033,50,30.3748892575691,50,50,0,30,30,30,0,4.70664631273503,29.9329845307428,30,10.2927311303788,30,0,30,30,13.6453328509653,18.5689235669115,30,21.133028105674,30,30,4.07491313440783,30,0,30,30,30,28.0483696443565,30,30,0.3,0,0.0824725339178989,0,0,0,0,0,0,0.3,0.3,0.3,0,0,0,0,0,0.0672250271723005,0,0,0,0.136283983799407,0.3,0,0,0.000381573159363602,0.3,0,-41.5
"26",50,43.1106485315527,29.6561752045966,4.69225042505699,50,50,50,50,0,50,0,50,50,0,38.8870326598281,33.1810151142289,19.3055690024493,0,0,0,2.37333794569556,0,0,4.23503699250562,50,33.2372329714327,50,50,0,29.8229684465813,30,30,0.0740009694903235,5.11901173400207,25.497915239812,30,12.555548115171,30,0,30,30,13.4876760808721,15.6084135043763,30,17.9556829641426,30,30,3.43630756473546,30,0,30,30,30,28.3960547645421,30,30,0.3,0,0.0700999123548563,0,0,0,0,0,0,0.3,0.3,0.3,0,0,0,0,0,0.10155904953938,0,0,0,0.157881737500968,0.298198959049969,0,0,0.0185566524951969,0.3,0,-42.7
"27",50,47.9844153007871,32.7973851184981,2.78537984491341,50,50,50,50,0,50,0,50,50,0,38.8653919660591,35.1104028235468,17.3984483977392,0,0,0,0,0,0,5.74136366117614,50,31.9549320697749,50,50,0,30,30,30,0,4.59202735682255,28.0851541929294,30,10.3748185263343,30,0,30,30,13.8892454231937,17.6007569840311,30,19.8967096720304,30,30,4.2259888354639,30,0,30,30,30,27.8566584117238,30,30,0.3,0,0.070773127040311,0,0,0,0,0,0,0.3,0.3,0.3,0,0,0,0,0.000161753742964536,0.0890399948230895,0,0,0,0.150404230274135,0.3,0,0,0,0.3,0,-39.8
"28",50,47.2833106783181,33.4504071162899,0,50,50,50,50,0,50,0,50,50,0,40.3611780575093,34.1013038280482,17.1975173234447,0,0,0,0.389313819138839,0,0,5.48425347712216,50,32.2675500885456,50,50,0,30,30,30,0,3.64054675341345,30,30,10.0332522646391,30,0,30,30,13.2956602338432,17.7518938645043,30,19.4385493250428,30,30,6.08853127759178,30,0,30,30,30,27.4272164325712,30,30,0.3,0,0.067772232184216,0,0,0,0,0,0,0.3,0.3,0.3,0,0,0,0,0,0.0871237332877075,0,0,0,0.158786260304987,0.3,0,0,0,0.3,0,-42.4
"29",50,37.4743952055778,50,9.3198632137412,50,50,50,50,0,50,0,50,50,0,35.1040411221938,50,11.1985653779026,0,0,0,27.5295554082075,0,0,7.98007564045005,50,40.8201456280721,50,50,0,30,30,30,0,3.33501401863746,25.3784009118086,30,10.5415949822406,30,0,30,30,12.9154383180456,23.4323954400447,30,24.7192982317208,30,30,0,30,0,30,30,30,27.8794366411438,30,30,0.3,0,0.076672956830077,0,0,0,0,0,0,0.3,0.3,0.3,0,0,0,0,0.00385240228604154,0.159629827040075,0,0,0,0.104187401770817,0.3,0,0,0.0276461323392512,0.3,0,-51.3
"30",50,45.4944959066183,32.4944162051993,3.32493018163199,50,50,50,50,0,50,0,50,49.8183636279912,0,37.5216152827751,33.9125511721134,18.9243716644451,0,0,0,1.57913622189749,0,0,4.5644282062243,50,32.631312584709,50,50,0,30,30,30,0,4.93479084050903,26.5789911047273,30,11.4465497196135,30,0,30,30,13.3719616719277,16.2828382282279,30,18.2019371768159,30,30,4.0189088662473,30,0,30,30,30,27.8921230208728,30,30,0.3,0,0.0649019207008419,0,0,0,0,0,0,0.3,0.3,0.3,0.000631951947905753,0,0,0,0,0.0974886033526716,0,0,0,0.162097011033289,0.3,0,0,0.0031973195951738,0.3,0,-42.9
"31",50,47.1781992295796,30.797730121845,2.72306977342939,50,50,50,50,0,50,0,50,50,0,39.4499540579419,35.782646765805,17.7338171714803,0,0,0,0,0,0,5.64856553904085,50,32.7120094108781,50,50,0,30,30,30,0,5.05585234576773,27.5969241729615,30,11.1115228151817,30,0,30,30,14.2372115563778,17.2033597576646,30,19.7776987347096,30,30,3.75459507919003,30,0,30,30,30,28.5321552915703,30,30,0.3,0,0.071244928354556,0,0,0,0,0,0,0.3,0.3,0.3,0,0,0,0,0,0.0894526790330997,0,0,0,0.145607325975272,0.3,0,0,0,0.3,0,-39.9
"32",50,26.5869383299433,33.3767625195486,2.71922923021498,50,50,50,50,0,50,0,50,49.7124858690351,0,26.2556840285778,31.0697951219028,30.2001359918901,0,0,0,15.6497729972652,0,0,1.55968469745545,50,32.8874130877968,50,50,0,28.5948271928606,30,30,4.59085543051147,5.46894087610665,19.1024545655911,30,19.0706178983878,30,0,30,30,14.6533942209649,11.7566823312246,30,9.29805219714861,25.2580731728522,30,2.67676762605817,30,0,30,30,30,28.4111308290986,30,30,0.3,0,0.0411481937514625,0.00398289725168303,0,0,0,0,0,0.3,0.3,0.3,0,0,0,0,0,0.169622926802023,0,0,0,0.214665216840903,0.3,0,0,0.101141583662139,0.3,0,-49.1
"33",50,44.5391372749976,34.3313434171852,2.00519897598996,50,50,50,50,0,50,0,50,50,0,40.9108805253713,31.2612807568312,16.761282903613,0,0,0,0,0,0,5.89394660167466,50,32.8505680728412,50,50,0,30,30,30,0,4.19460392564947,28.4126270241863,30,10.6134363661228,30,0,30,30,15.2191511573111,17.459194330592,30,19.4714685029819,30,30,5.02093037479367,30,0,30,30,30,27.4913281171536,30,30,0.3,0,0.0753871451131237,0,0,0,0,0,0,0.3,0.3,0.3,0,0,0,0,0.000988485508071149,0.0932881975895207,0,0,0,0.157295132259532,0.3,0,0,0,0.3,0,-41.4
"34",50,46.3721560415895,35.1547197917552,1.82229859693242,50,50,50,50,0,50,0,50,50,0,36.3584652283063,34.4105349509668,19.5784285687446,0,0,0,2.92949317694982,0,0,6.27895331970361,50,30.683046670999,50,50,0,30,30,30,0,5.2056722089632,28.2130839713399,30,10.5962944964384,30,0,30,30,14.703545655845,17.4353439713081,30,19.2093162811896,30,30,4.00162407103791,30,0,30,30,30,27.2115403442494,30,30,0.3,0,0.0651336966080928,0,0,0,0,0,0,0.3,0.3,0.3,0,0,0,0,0.00296133283129816,0.103013333440501,0,0,0,0.16090056972914,0.3,0,0,0,0.3,0,-43
"35",50,50,35.5448675577385,1.77696894245047,50,50,50,50,0,50,0,50,50,0,36.515582589966,35.1713798725106,16.8820793025479,0,0,0,0,0,0,6.28510461603961,50,27.894945590144,50,50,0,29.9344784895646,30,30,0,3.50098736099769,28.9318456138701,30,6.86403354586586,30,0,30,30,13.5682260787273,19.1997747625453,30,20.9756852824232,30,30,5.71269213454636,30,0,30,30,30,26.5835455002054,30,30,0.3,0,0.0642912606944652,0,0,0,0,0,0,0.3,0.3,0.3,0,0,0,0,0.00567012458320623,0.0866810665073506,0,0,0,0.157959507386827,0.3,0,0,0,0.3,0,-43
"36",50,50,33.678586181914,0,50,50,50,50,0,50,0,50,50,0,45.0717473204395,37.3824092646032,12.280237348255,0,0,0,0,0,0,5.46829545966669,50,30.5895601436865,50,50,0,30,30,30,0,3.73617847691796,30,30,5.21640831598794,30,0,30,30,14.0555770814275,21.4143687127033,30,24.2615808749261,30,30,5.76263109700452,30,0,30,30,30,26.642337120877,30,30,0.3,0,0.075381586820068,0,0,0,0,0,0,0.3,0.3,0.3,0,0,0,0,0,0.0527108066727373,0,0,0,0.135551327049866,0.3,0,0,0,0.3,0,-43.4
"37",50,49.3512004228034,36.6010864086641,3.82260790745373,50,50,50,50,0,50,0,50,50,0,35.8260498900794,35.2952728389194,17.8957749969674,0,0,0,1.32373687113073,0,0,5.80757486403111,50,28.5610196789741,50,50,0,30,30,30,0,4.51733938968831,29.1146240163152,30,9.25217863779489,30,0,30,30,14.0344858092512,19.0333794370051,30,20.7000279304842,30,30,3.18312907374709,30,0,30,30,30,26.9185076170237,30,30,0.3,0,0.078290795080403,0,0,0,0,0,0,0.3,0.3,0.3,0,0,0,0,0.00145794797039048,0.0968243708160181,0,0,0,0.147476000132739,0.3,0,0,0.000416483375890748,0.3,0,-42.2
"38",50,50,31.9412994602005,0,50,50,50,50,0,50,0,50,50,0,39.140070123691,33.9782807706396,11.9315733384146,0,0,0,0,0,0,2.93308336923443,50,28.7615260081733,50,50,0,30,30,30,0,3.31660616567709,30,30,8.1249665232462,30,0,30,30,12.6496251073853,17.383306912503,30,23.1740601353934,30,30,3.83809119376363,30,0,30,30,30,28.5576553367164,30,30,0.3,0,0.0433267245912162,0,0,0,0,0,0,0.3,0.3,0.3,0,0,0,0,0,0.0594682599819033,0,0,0,0.130336785188072,0.3,0,0,0,0.3,0,-44.3
"39",50,46.8703074918701,32.6367851856538,2.23355688883718,50,50,50,50,0,50,0,50,50,0,38.8674635425269,34.3435182420488,17.7103877886625,0,0,0,1.04677896304479,0,0,5.17722003751229,50,32.1484566802237,50,50,0,29.9766333302046,30,30,0,4.25450895900399,27.3849572663437,30,10.5711034141085,30,0,30,30,13.4969773825254,17.2166188218012,30,19.0305572964675,30,30,4.59519319378978,30,0,30,30,30,27.0279349171921,30,30,0.3,0,0.0614362056421136,0,0,0,0,0,0,0.3,0.3,0.3,0,0,0,0,0.000177635226636675,0.0873207215668969,0,0,0,0.159319081136953,0.3,0,0,0,0.3,0,-40.2
"40",50,32.5110312603062,29.9044421513115,7.82744998192974,50,50,50,50,0,50,0,50,49.1057624059894,0,32.2935303777188,27.1283279804265,23.9852520533404,0,0,0,11.4597512718863,0,0,2.06735805588779,50,31.0583967448422,50,50,0,30,30,30,0,6.0038542926463,21.9221085569058,30,15.5781456430195,30,0,30,30,13.5563204444363,12.3700557020387,30,13.4706097953744,30,30,3.8084951990223,30,0,30,30,30,27.1776841563347,30,30,0.298758024246661,0,0.0658370599181412,0,0,0,0,0,0,0.3,0.3,0.3,0.00223795532137667,0,0,0,0.00179996159105945,0.132406251211383,0,0.000722008275133218,0,0.209775779053537,0.3,0,0,0.0372447069876971,0.3,0,-45.1
"41",50,44.8777579916805,26.2855167784762,5.47110479781059,50,50,50,50,0,50,0,50,50,0,37.4221652156472,31.9011840441139,22.4527134286908,0,0,0,1.76631495930388,0,0,3.99996308625653,50,32.9499777054101,50,50,0,29.9602671320942,30,30,0,6.9912244725195,24.5698793007525,30,13.0902053599187,30,0,30,30,12.7201820008084,15.7758735454896,30,17.3582616659479,30,30,3.54730049290165,30,0,30,30,30,28.3831046801502,30,30,0.299636377530076,0,0.0820849061380027,0,0,0,0,0,0,0.3,0.3,0.3,0,0,0,0,0,0.0937725258971719,0,0,0,0.155467654687882,0.3,0,0,0.0243824608521033,0.3,0,-43.1
"42",50,34.5475725674436,23.8588133161677,3.93155662967835,50,50,50,50,0,50,0,50,50,0,41.8475782702673,26.2683815311526,20.3181745336083,0,0,0,6.42870536071811,0,0,3.15319780110548,50,34.2800619838057,50,50,0,29.4398101378626,30,30,0,7.02792244418449,20.7783219374805,30,13.6149306175073,30,0,30,30,8.53621304637825,10.7976699326281,30,12.501143669434,28.3973110795199,30,6.82264885391204,30,0,30,30,30,26.9853474502989,30,30,0.3,0,0.0451870579216186,0,0,0,0,0,0,0.3,0.3,0.3,0.00658122454764026,0,0,0,0.00241120911177865,0.0884742433755428,0,0,0,0.227139330163567,0.3,0,0,0.0203999150904723,0.3,0,-47.7
"43",50,48.5212988122894,40.1451292781701,1.35324781915809,50,50,50,50,0,50,0,50,50,0,37.2050409219667,30.7781796622057,25.6073740867441,0,0,0,3.40512600807554,0,0,0,50,29.3191930898304,50,50,0,30,30,30,0,0,28.7532421926681,30,8.44923772965719,30,0,30,30,15.256443364556,12.5876633062118,30,12.8150450421857,30,30,3.76507373759572,30,0,30,30,30,25.644513272458,30,30,0.3,0,0.0134542860529775,0,0,0,0,0,0,0.3,0.3,0.3,0,0,0,0,0,0.122444850272536,0,0,0,0.232001846935562,0.3,0,0,0.0254029058159667,0.3,0,-47.5
"44",50,36.1874839593708,31.0609004689306,4.98117243884044,50,50,50,50,0,50,0,50,50,0,35.4319277445976,29.3950547124428,23.744442560805,0,0,0,8.28816886239244,0,0,3.51155516709529,50,30.7390260561317,50,50,0,30,30,30,0,5.62755398359221,22.9560380276728,30,15.8515861312915,30,0,30,30,12.8106734389736,13.1753499700755,30,14.7352143903764,30,30,3.65546135743263,30,0,30,30,30,27.492850332783,30,30,0.29926461662735,0,0.0607296873297587,0,0,0,0,0,0,0.3,0.3,0.3,0,0,0,0,0.000541113387481291,0.126773515227669,0,0,0,0.189828473939513,0.3,0,0,0.0486242554134427,0.3,0,-43.6
"45",50,46.666655419776,36.4863757020413,4.5024228138942,50,50,50,50,0,50,0,50,50,0,34.5665348631224,34.6110344774961,20.0945922606637,0,0,0,3.61783683143082,0,0,3.95875584582452,50,30.4884109507607,50,50,0,30,30,30,0,5.693506285636,28.5675928815051,30,10.998731558541,30,0,30,30,12.5649214629821,16.8803598520632,30,18.3207642402869,30,30,4.29094452609092,30,0,30,30,30,26.4504598001525,30,30,0.3,0,0.0663194680029659,0,0,0,0,0,0,0.3,0.3,0.3,0,0,0,0,0.00410417579178009,0.0945228383552076,0,0,0,0.171089394032433,0.3,0,0,0,0.3,0,-43.1
"46",50,50,35.2703094593814,3.11698302746766,50,50,50,50,0,50,0,50,50,0,38.3773967409869,34.9411085242971,14.4416843243029,0,0,0,0,0,0,6.50911968943796,50,31.7841103842135,50,50,0,30,30,30,0,4.73228574144044,29.8317709573743,30,10.6857019437239,30,0,30,30,14.5427555018399,19.6343247380601,30,22.5684686197344,30,30,4.56201606220599,30,0,30,30,30,27.0203269601678,30,30,0.3,0,0.0814625014947387,0,0,0,0,0,0,0.3,0.3,0.3,0,0,0,0,0,0.0983829653187543,0,0,0,0.153872167391074,0.3,0,0,0,0.3,0,-40.7
"47",50,50,34.7211440043724,0,50,50,50,50,0,50,0,50,50,0,40.3190466869682,37.4572050795759,15.4424898348277,0,0,0,0,0,0,7.34904796546646,50,30.603482053689,50,50,0,30,30,30,0,4.04900117015465,29.3784157356851,30,7.42849486661706,30,0,30,30,14.3926452233263,19.6358521363469,30,20.8699806158026,30,30,3.88751052070517,30,0,30,30,30,28.2068210191291,30,30,0.3,0,0.0680250768777649,0,0,0,0,0,0,0.3,0.3,0.3,0,0,0,0,0,0.0648381172260241,0,0,0,0.144439049952805,0.3,0,0,0,0.3,0,-43.6
"48",49.6267145482402,48.1348865652945,30.6567087784054,4.32697692047641,50,50,50,50,0,50,0,50,50,0,40.8020014403515,35.5020851508243,18.3834741352622,0,0,0,0,0,0,7.45880359193721,50,32.779371788643,50,50,0,30,30,30,0.541977893270601,4.34283385342903,27.7503853253401,30,11.8049699617398,30,0,30,30,13.9998689854478,18.0045605896036,30,20.8296618979389,30,30,3.29477570421233,30,0,30,30,30,28.652204042623,30,30,0.3,0,0.0908779574038445,0,0,0,0,0,0,0.3,0.3,0.3,0,0,0,0,0,0.100884319810151,0,0,0,0.142213230686286,0.3,0,0,0.0146441459940236,0.3,0,-41.7
"49",50,47.5038884153597,36.5407671266613,1.40549130240994,50,50,50,50,0,50,0,50,50,0,33.8119010025804,32.8346099942019,19.0147250700602,0,0,0,2.20593730983905,0,0,6.42361510724444,50,28.2427793722954,50,50,0,30,30,30,0.347226088151329,3.59732204942831,28.0384901219926,30,8.96729959413957,30,0,30,30,13.0368960043208,17.4527334918616,30,19.1863998070776,30,30,5.08348241289564,30,0,30,30,30,25.7221777543672,30,30,0.3,0,0.0666715280006947,0,0,0,0,0,0,0.3,0.3,0.3,0,0,0,0,0.00530621731721732,0.110064311477299,0,0,0,0.163285657342741,0.3,0,0,0,0.3,0,-43.4
"50",50,50,35.4851190408588,1.14921433659138,50,50,50,50,0,50,0,50,50,0,36.2083326370597,34.5242533823075,15.3378858273809,0,0,0,0.605931680710547,0,0,4.93595373853393,50,27.5036200280234,50,50,0,30,30,30,0,4.94312288109106,30,30,8.14354148465429,30,0,30,30,13.5313651211935,18.0145308022414,30,19.7471970428656,30,30,4.62930864921802,30,0,30,30,30,24.7218750977529,30,30,0.3,0,0.0726830841718844,0,0,0,0,0,0,0.3,0.3,0.3,0,0,0,0,0.000646251102574745,0.0790935759529058,0,0,0,0.146827681395763,0.3,0,0,0,0.3,0,-42.4
"51",39.9697760636197,29.7120738713336,37.8922680563718,13.6244426097028,50,50,50,50,0,50,0,50,50,0,31.6305005014433,38.9221048992685,22.1881840626228,0,0,0,17.7862122648807,0,0,2.42215506176609,50,32.9192121699284,50,50,0,30,30,30,0.953777059168536,0,24.6983908516905,30,16.8666056183625,30,0,30,30,17.4154636356561,9.52741298577987,30,10.1291994197678,30,30,0,30,0,30,30,30,29.0665761425561,30,30,0.3,0,0.0895761634665647,0,0,0,0,0,0,0.3,0.3,0.3,0,0.00655320494872826,0,0,0,0.248795902689776,0,0,0,0.237858583062308,0.3,0,0,0.0745356082821629,0.3,0,-54.2
"52",50,46.9382794308147,30.1192733509216,4.27900494282629,50,50,50,50,0,50,0,50,50,0,42.2338460869949,36.3462779920891,17.9444972073711,0,0,0,1.15049686219623,0,0,5.35476680994947,50,34.6069786456739,50,50,0,30,30,30,0,6.28519792180156,26.7066507619211,30,11.5543387976906,30,0,30,30,13.7966605639357,16.88721059254,30,19.3145246644247,30,30,4.50289386909565,30,0,30,30,30,28.1302344415881,30,30,0.297807975094755,0,0.0781716516798345,0,0,0,0,0,0,0.3,0.3,0.3,0.000619782275860038,0,0,0,0,0.0802592999547544,0,0.000520812579960377,0,0.155407841142224,0.299660272075059,0,0,0.0130337038891697,0.3,0,-44
"53",47.80434651954,38.6489105640788,36.5735133565812,0,50,50,50,50,0,50,0,50,50,0,25.3081178892553,32.3983521405497,19.8531400772369,0,0,0,9.31797819161062,0,0,0.717677686646919,50,33.3036521321487,50,50,0,30,30,30,0,0,22.3910486298061,28.1290938256348,14.4832373288433,30,0,30,30,13.0915100577506,12.2814560386699,30,11.6566747977053,30,30,6.16760995428581,30,0,30,30,30,29.8201158781794,30,30,0.3,0,0.00991890097125202,0,0,0,0,0,0,0.3,0.3,0.3,0,0,0,0,0.00837293233309873,0.156553203496908,0,0,0,0.233624978534352,0.3,0,0,0.0760237036460745,0.3,0,-45.3
"54",50,43.745479562782,35.7432108795962,2.49705613496233,50,50,50,50,0,50,0,50,50,0,35.331942622095,32.1515633888175,19.1793987654315,0,0,0,4.40610119163369,0,0,4.64362559863166,50,28.6234729862821,50,50,0,30,30,30,0,4.08942986567663,27.5238286447253,30,11.5124995263717,30,0,30,30,12.9128038128874,15.7475600017936,30,17.0367301713915,30,30,6.24685642040137,30,0,30,30,30,25.5242119496067,30,30,0.3,0,0.0644552129335802,0,0,0,0,0,0,0.3,0.3,0.3,0,0,0,0,0.00476644011113845,0.110851723203735,0,0,0,0.176993198470191,0.3,0,0,0,0.3,0,-45.1
"55",50,50,35.145728574451,0.28338856614903,50,50,50,50,0,50,0,50,50,0,39.7700973309626,34.3566906215527,14.9571968915103,0,0,0,0,0,0,6.56096106497248,50,28.9764901132797,50,50,0,30,30,30,0,3.90202968921346,30,29.5810729841622,6.79604597527552,30,0,30,30,13.3580086478817,19.3915635223573,29.9862032044675,22.0409265872057,30,29.462326187665,5.7563814210229,29.7999849161181,0,29.5618374416719,30,30,25.4759844150507,30,30,0.3,0,0.0685532576820722,0.00022985144416608,0.00197593568512741,0,0,0.00345195618622263,0,0.3,0.3,0.3,0,0.000258702637195829,0,0,0.00359927024969836,0.0728117016193466,0,0.000582175123978027,0,0.143838417840314,0.299259392905633,0,0,0,0.3,0,-44.2
"56",50,39.7645178623064,36.2170147628574,1.24119099353211,50,50,50,50,0,50,0,50,50,0,35.5992158923566,31.3509806115979,21.424455011083,0,0,0,4.1686115459321,0,0,1.9915693132282,50,29.5630458967197,50,50,0,30,30,30,0,1.52973555620397,22.1388924107839,30,11.9561574469745,30,0,30,30,14.2635130530046,13.0265010411329,30,15.4250518492579,30,30,3.51070841460543,30,0,29.436071001384,30,30,25.2584882463376,30,30,0.3,0,0.0422467129520207,0,0,0,0,0.00809489366982304,0,0.3,0.3,0.3,0,0,0,0,0,0.124724615916685,0,0,0,0.20901000835479,0.3,0,0,0,0.3,0,-47.9
"57",50,45.3078929247763,35.9467614951949,2.51314916667207,50,50,50,50,0,50,0,50,50,0,33.3283699037901,33.0082092497564,20.7201764131266,0,0,0,4.01927627485734,0,0,5.25556061879401,50,30.3167440766194,50,50,0,30,30,30,0,4.39903425823432,26.8375050866492,30,10.686812818626,30,0,30,30,12.9531153588804,15.762158945569,30,17.4521655717273,30,30,4.06308311049702,30,0,30,30,30,26.572198343593,30,30,0.3,0,0.0593951170014012,0,0,0,0,0,0,0.3,0.3,0.3,0,0,0,0,0.00424689134138369,0.107908018942686,0,0,0,0.170807153830452,0.3,0,0,0,0.3,0,-43.5
"58",50,50,34.8634002288473,0,50,50,50,50,0,50,0,50,50,0,39.3332283104658,36.5985285004142,15.5366440042876,0,0,0,0,0,0,6.3817707450279,50,33.1301497297949,50,50,0,30,30,30,0,4.1995860320524,30,30,8.488578143675,30,0,30,30,13.8048404693877,18.0367771978253,30,20.8700003185625,30,30,3.17296273398584,30,0,30,30,30,28.4795891893015,30,30,0.3,0,0.062838900875564,0,0,0,0,0,0,0.3,0.3,0.3,0,0,0,0,0,0.0753660925878037,0,0,0,0.143336283921706,0.3,0,0,0,0.3,0,-43.8
"59",47.9355443618752,38.7107015286871,36.6204597853094,4.57726991081979,50,50,50,50,0,50,0,50,50,0,30.4381444503481,31.3848007681999,23.7040162228457,0,0,0,9.57716845034248,0,0,3.90559957069083,50,29.3350055804321,50,50,0,30,30,30,0,5.05617891008618,23.935112224239,30,12.9101800806099,30,0,30,30,12.2207389193293,14.2767278273232,30,15.8911538092304,29.2021964296218,30,4.85211438711639,30,0,30,30,30,26.3275329737335,30,30,0.3,0,0.0585952798838683,0,0,0,0,0,0,0.3,0.3,0.3,0,0,0,0,0,0.132439690664201,0,0,0,0.187805725621409,0.3,0,0,0.0329867544644178,0.3,0,-43.2
"60",46.6937199563143,42.5252748609699,31.9310410677444,2.72368900776159,49.7777465931,50,50,50,0,50,0,50,50,0,37.7343144259983,29.4999578376179,19.6079577105767,0,0,0,2.43867861437173,0,0,4.46668024687802,49.9199540278833,27.7168418068424,50,50,0,30,30,30,0,6.33400470970329,24.4666166444255,30,13.5905175129583,30,0,30,29.9855212303739,14.8172533651255,16.6246428245982,30,17.8898949493767,27.4265949879372,30,4.31582694995286,29.6310210449923,0,30,30,30,26.9846489399806,30,30,0.291735868773163,0.000362140113984153,0.0590407525515156,0.0125698848526535,0,0,0,0,0,0.3,0.3,0.3,0.0018872406376966,0,0,0,0,0.112277579069873,0,0,0,0.167497987870958,0.3,0,0,0.0211925445150756,0.3,0,-44
