"","accuracy","NA","NA","NA","NA","NA","NA","NA","NA","NA","NA","NA","NA","NA","NA","NA","NA","NA","NA","NA","NA","NA","NA","NA","NA","NA","NA","NA","NA","NA","NA","NA","NA","NA","NA","NA","NA","NA","NA","NA","NA","NA","NA","NA","NA","NA","NA","NA","NA","NA","NA","NA","NA","NA","NA","NA","NA","NA","NA","NA","NA","NA","NA","NA","NA","NA","NA","NA","NA","NA","NA","NA","NA","NA","NA","NA","NA","NA","NA","NA","NA","NA","NA","NA","NA"
"1",50,46.4913247171661,18.2872165352646,2.95673906106154,50,50,50,50,0,50,0,50,50,0,50,31.7437830531768,11.1010650810365,0,0,0,0,0,0,5.48298877518727,50,37.3294083470319,50,50,0,29.7386577178456,30,30,0,6.42956147706187,26.608672487017,30,9.21534735484076,30,0,30,30,10.6605851730636,16.3681886432273,30,20.4532816362505,29.0947084287456,30,6.34363511879631,30,0,30,30,30,28.8820114368547,30,30,0.3,0,0.0763927343665258,0,0,0,0,0,0,0.3,0.3,0.3,0.00523094237953282,0,0,0,0,0.0191079398671418,0,0,0,0.15828382558029,0.3,0,0,0,0.3,0,-39.5
"2",50,42.2155368258985,14.7670213814529,3.32543617781251,50,50,50,50,0,50,0,50,50,0,48.6226167343976,26.3625297728291,13.0101454120331,0,0,0,0,0,0,3.79475963615954,50,39.3326471113566,50,50,0,29.7284155340439,30,30,0,7.10302772597404,22.9550863925877,30,10.6770928817811,30,0,30,30,8.23835151587798,12.417980729602,30,16.1212070992579,28.7162487223888,30,8.16072055653939,30,0,30,30,30,29.1262725771444,30,30,0.3,0,0.057112609597637,0,0,0,0,0,0,0.3,0.3,0.3,0.00808453724810694,0,0,0,0,0.0250881500068843,0,0,0,0.203759118814398,0.3,0,0,0,0.3,0,-36.7
"3",50,43.4443700090955,19.3594333469159,2.77462372091153,50,50,50,50,0,50,0,50,50,0,50,28.8367886605969,14.6855693841049,0,0,0,0,0,0,4.35732738229201,50,37.5919408978229,50,50,0,29.8721944793726,30,30,0,6.35231589339761,24.2873280315153,30,11.0196061171643,30,0,30,30,10.1795019841143,14.0131038337137,30,17.45041312792,28.775948014673,30,6.62938449342163,30,0,30,30,30,28.6362592645911,30,30,0.3,0,0.0602571143356373,0,0,0,0,0,0,0.3,0.3,0.3,0.00620328212776311,0,0,0,0,0.0381954894016165,0,0,0,0.187998649496826,0.3,0,0,0,0.3,0,-39.6
"4",50,35.3020632783275,10.5620529149986,3.47934132727108,50,50,50,50,0,50,0,50,50,0,50,23.0818334138853,13.1913794813045,0,0,0,0,0,0,1.61905505490495,50,40.1005517619169,50,50,0,29.4033501883329,30,30,0,8.75180384025405,18.7435090259365,30,12.4759906632782,30,0,30,30,4.5934083295503,8.54327639246877,30,11.2961443248012,28.6110357729029,30,9.45106775275706,30,0,30,30,30,29.4655444124596,30,30,0.3,0,0.0300297179383784,0,0,0,0,0,0,0.3,0.3,0.3,0.0114887786411612,0,0,0,0,0.0210760470831608,0,0,0,0.252206334595989,0.3,0,0,0,0.3,0,-38.8
"5",50,47.4101034152046,20.5002553815818,3.75216057110824,50,50,50,50,0,50,0,50,50,0,50,30.7146573093067,14.0321585647806,0,0,0,0,0,0,5.84999529692064,50,36.3391585845647,50,50,0,30,30,30,0,6.1125885956815,26.6684912865205,30,9.95047033449784,30,0,30,30,11.496667189011,15.9405679642771,30,19.655580462626,28.5997742446772,30,6.94111885658113,30,0,30,30,30,28.2086488298452,30,30,0.3,0,0.0761361119722892,0,0,0,0,0,0,0.3,0.3,0.3,0.00649402398853893,0,0,0,0,0.0303694590618293,0,0,0,0.167208668147319,0.3,0,0,0,0.3,0,-40.1
"6",50,43.3843515444976,19.9231600476616,3.8717537492766,50,50,50,50,0,50,0,50,50,0,50,28.3446898980872,14.5753113087899,0,0,0,0,0,0,3.21274601093013,50,38.0423068153308,50,50,0,29.6125372373277,30,30,0,7.43673758123158,23.9550129288137,30,10.5695058015733,30,0,30,30,9.22452476727288,12.6781542980265,30,15.5008274650777,29.2552554686066,30,7.70613208555263,30,0,30,30,30,28.8035495271335,30,30,0.3,0,0.0513717562601806,0,0,0,0,0,0,0.3,0.3,0.3,0.00585731159369189,0,0,0,0,0.0215149525592828,0,0,0,0.205517441184395,0.3,0,0,0,0.3,0,-40.4
"7",50,37.1004606957473,19.6161301463391,2.23584178313723,50,50,50,50,0,50,0,50,50,0,50,26.8068388377663,16.8120240463211,0,0,0,0,0,0,1.68972980523292,50,34.0788359658432,50,50,0,29.9031926126085,30,30,0,5.80209432314219,20.8541885032503,30,12.0517583395185,30,0,30,30,7.98068624803548,10.5843016882572,30,13.2065312123749,28.9191035908558,30,7.29360862142774,30,0,30,30,30,28.227639837766,30,30,0.3,0,0.0509447902197848,0,0,0,0,0,0,0.3,0.3,0.3,0.00658475158628275,0,0,0,0,0.0107065341409846,0,0,0,0.229337835304444,0.3,0,0,0,0.3,0,-44.7
"8",50,43.7932899138227,13.0035666887213,3.71513215509408,50,50,50,50,0,50,0,50,50,0,50,27.1197778143448,12.7002406197646,0,0,0,0,0,0,3.96176232641851,50,40.2599421786829,50,50,0,29.9132484857571,30,30,0,7.19057285537183,23.2961445980223,30,10.8614053304274,30,0,30,30,9.25744467390781,13.0030336843599,30,17.1236330081859,28.1555303832085,30,7.77335932184474,30,0,30,30,30,28.8044130157241,30,30,0.3,0,0.0602666696993514,0,0,0,0,0,0,0.3,0.3,0.3,0.00911345677668663,0,0,0,0,0.017355864232438,0,0,0,0.193767687480483,0.3,0,0,0,0.3,0,-36.6
"9",50,41.0295543458525,18.6132583789612,3.98982223306295,50,50,50,50,0,50,0,50,50,0,50,27.125869370079,15.4998570038864,0,0,0,0,0,0,4.92750250531742,50,35.9789195523285,50,50,0,29.8484735987138,30,30,0,6.74611889830947,24.2943236687048,30,11.0767050578033,30,0,30,30,9.08797454730099,13.3909424434849,30,16.4050157228742,29.1252252457621,30,8.09321258097638,30,0,30,30,30,28.5765144475609,30,30,0.3,0,0.0650441285178283,0,0,0,0,0,0,0.3,0.3,0.3,0.00573666766329206,0,0,0,0,0.0156614523944979,0,0,0,0.201778786971837,0.3,0,0,0,0.3,0,-38.9
"10",50,36.60227993021,10.8093303445321,6.38545030554158,50,50,50,50,0,50,0,50,50,0,41.9383265728023,22.5439710797125,16.9810976524443,0,0,0,0,0,0,2.67617880732513,50,41.0181750899751,50,50,0,29.9291098172868,30,30,0,8.96818829431441,18.916077689079,30,14.7294351282033,30,0,30,30,7.5123719984268,8.51869981999086,30,13.312441557042,26.995020063366,30,7.21517422244443,30,0,30,30,30,28.3436560269146,30,30,0.3,0,0.0621372731228693,0,0,0,0,0,0,0.3,0.3,0.3,0.0118077858139729,0,0,0,0.000115890440626759,0.0478266313343118,0,0,0,0.225744115715941,0.3,0,0,0,0.3,0,-37.5
"11",50,42.5030878998268,8.84129144405149,3.33056446570338,50,50,50,50,0,50,0,50,50,0,50,23.4315787342915,11.4141424046213,0,0,0,0,0,0,3.20334019129049,50,41.234776569515,50,50,0,30,30,30,0,8.16362569239503,20.9777955078137,30,11.0471956166194,30,0,30,30,5.9306261706001,10.5924836492412,30,14.310440018502,27.9683735023357,30,9.69756282081904,30,0,30,30,30,29.2143897112493,30,30,0.3,0,0.0497853004913758,0,0,0,0,0,0,0.3,0.3,0.3,0.0109983677455555,0,0,0,0,0.0169373055946255,0,0,0,0.228914994967626,0.3,0,0,0,0.3,0,-38.1
"12",50,35.6785186607644,10.7773688301724,1.83956423524573,50,50,50,50,0,50,0,50,50,0,50,22.8294314902474,13.6054456612342,0,0,0,0,0,0,1.01603439952293,50,35.9984602438198,50,50,0,29.6753979699765,30,30,0,7.08481101200912,18.6767200208508,30,10.0972780421603,30,0,30,30,2.2235260430671,9.13361966586414,30,11.1691237077237,26.3729852723428,30,10.3090662691495,30,0,30,30,30,28.0449260399336,30,30,0.3,0,0.0151357155956006,0,0,0,0,0,0,0.3,0.3,0.3,0.0133212263959894,0,0,0,0,0.00777658646632987,0,0,0,0.255297003841764,0.3,0,0,0,0.3,0,-41.6
"13",50,45.2137876527599,30.1780023487383,3.20736134454557,50,50,50,50,0,50,0,50,50,0,38.0159483863812,33.1131758079641,18.8877000527001,0,0,0,0.534041567189382,0,0,5.30526360984838,50,32.4390288007339,50,50,0,30,30,30,0,5.89058378689879,26.8254025836905,30,10.9848091856763,30,0,30,30,10.4423558776911,16.4438436833421,30,17.1791019093145,30,30,5.7008967894427,30,0,30,30,30,27.7299403521957,30,30,0.299915384887887,0,0.0619094998724108,0,0,0,0,0,0,0.3,0.3,0.3,0.00211033081449401,0,0,0,0,0.084821086534986,0,0,0,0.168918403809782,0.3,0,0,0.00382347992949774,0.3,0,-43.2
"14",50,50,30.3339977758546,1.77606929525878,50,50,50,50,0,50,0,50,50,0,40.2200308259638,31.8195733949025,15.1989785477674,0,0,0,0.472688880242514,0,0,5.87507866635644,50,31.3729869300992,50,50,0,30,30,30,0,4.78327303253568,29.3362549198894,30,8.62644159087568,30,0,30,30,11.337306292278,16.6760045396695,30,18.9640999043768,29.6771322246084,30,6.75734905169877,30,0,30,30,30,26.7180529178501,30,30,0.3,0,0.0665853717955339,0,0,0,0,0,0,0.3,0.3,0.3,0.00205764819537763,0,0,0,0,0.0721624729074332,0,0,0,0.173882707339152,0.3,0,0,0,0.3,0,-42.4
"15",50,49.7864056071348,22.165238027421,0.719754185231828,50,50,50,50,0,50,0,50,50,0,50,33.4785955442453,9.77280957111619,0,0,0,0.687625143013146,0,0,7.04207027502636,50,36.7367047296133,50,50,0,29.8402661189938,30,30,0,5.00827232488691,29.0673712041846,30,7.47018588539801,30,0,30,30,11.6195821213173,17.7201592672089,30,21.4488482448121,29.1572946734193,30,6.33031877904567,30,0,30,30,30,28.9529316866841,30,30,0.3,0,0.0677198619898819,0,0,0,0,0,0,0.3,0.3,0.3,0.00421282843091223,0,0,0,0,0.0161754614923055,0,0,0,0.149916685851018,0.3,0,0,0,0.3,0,-39.7
"16",50,42.979936760526,8.32538435963653,5.96241981780038,50,50,50,50,0,50,0,50,50,0,50,22.8134066068983,12.7868315619659,0,0,0,0,0,0,3.34533429800489,50,42.069140657613,50,50,0,29.8409690812159,30,30,0,8.40037151612979,21.8307042416581,30,11.409557690179,30,0,30,30,8.68186411910206,10.9910461192096,30,15.9917706098519,27.4044885831518,30,8.59767532188672,30,0,30,30,30,29.0685538944581,30,30,0.3,0,0.0615905896516135,0,0,0,0,0,0,0.3,0.3,0.3,0.0119048071333949,0,0,0,0,0.0146338764967199,0,0,0,0.207785269256671,0.3,0,0,0,0.3,0,-38.3
"17",50,48.6201543651594,14.8410252280646,5.54989183776458,50,50,50,50,0,50,0,50,50,0,50,28.2980410990153,12.2761593794365,0,0,0,0,0,0,5.60873069432944,50,40.8654878903311,50,50,0,30,30,30,0,6.01787327560823,25.5225583578616,30,10.2825920130481,30,0,30,30,11.6848332107539,15.6828845617042,30,20.4240579492603,27.9819007496694,30,6.88060253810461,30,0,30,30,30,28.4104655814162,30,30,0.3,0,0.0825744373471893,0,0,0,0,0,0,0.3,0.3,0.3,0.00939056155419736,0,0,0,0,0.028837565157299,0,0,0,0.163374053704202,0.3,0,0,0,0.3,0,-37.9
"18",50,35.3895166703754,28.3200546659052,8.05261965496026,49.9608218248475,50,50,50,0,50,0,50,50,0,38.239429941872,27.0542021650644,24.3873343583195,0,0,0,9.63502311126743,0,0.0896891534601941,1.68982241574045,50,30.3199930004096,50,50,0,29.0471523524149,30,30,0,6.25080834378987,22.1269116036852,30,14.216549205023,30,0,30,30,10.9790397491116,12.8622229650527,30,14.4352566757245,30,30,5.5924750595116,30,0,30,30,30,26.9649799950358,30,30,0.3,0,0.0692850781108034,0,0,0,0,0,0,0.29917510707711,0.3,0.3,0,0,0,0.00105955339331588,0,0.118700520892624,0,0.0142570044780705,0,0.185240662383967,0.3,0,0,0.0310433069218243,0.3,0,-47.6
"19",50,44.953664881633,18.8893293674415,3.72008172027278,50,50,50,50,0,50,0,50,50,0,44.6138754721675,28.4679418757823,14.9243918280147,0,0,0,0.463633420465281,0,0,4.2939779857389,50,38.1034621076565,50,50,0,29.7919992749154,30,30,0,6.46393992407731,24.6170960090749,30,10.9149178493723,30,0,30,30,10.8812108245133,13.9192188153555,30,17.8679401444662,28.1370990093774,30,6.70320247591873,30,0,30,30,30,27.9121393953368,30,30,0.3,0,0.0656883618728672,0,0,0,0,0,0,0.3,0.3,0.3,0.00748580308409608,0,0,0,0,0.0486201087768475,0,0,0,0.182303076873992,0.3,0,0,0,0.3,0,-38
"20",50,43.6391268857006,7.50936502355494,4.30775835080323,50,50,50,50,0,50,0,50,50,0,50,25.1736259130461,15.2954092252819,0,0,0,0,0,0,4.01285505627125,50,34.1300185124322,50,50,0,29.9948101733318,30,30,0,9.46774533314088,21.9191225660375,30,12.6842891745704,30,0,30,30,9.15361521481988,13.0839051039455,30,15.0272877758542,28.3327383726526,30,6.29054513151953,30,0,30,30,30,28.9161830540692,30,30,0.3,0,0.0759191221680998,0,0,0,0,0,0,0.3,0.3,0.3,0.0112408871723062,0,0,0,0,0.00838025780460685,0,0,0,0.180495121496535,0.3,0,0,0,0.3,0,-39.2
"21",50,42.6410811709968,13.0373513689552,3.05288351419789,50,50,50,50,0,50,0,50,50,0,50,26.940767398081,11.6883269628824,0,0,0,0,0,0,3.96592624239916,50,39.9195722158501,50,50,0,30,30,30,0,7.29746645363784,23.1944842372534,30,10.4945251649833,30,0,30,30,8.00017324038203,12.7665840577927,30,16.5893209379647,28.2251970374846,30,8.1594647884216,30,0,30,30,30,29.0431401263122,30,30,0.3,0,0.0582217312174394,0,0,0,0,0,0,0.3,0.3,0.3,0.00865540419288558,0,0,0,0,0.0187010437323853,0,0,0,0.200497092610623,0.3,0,0,0,0.3,0,-36.5
"22",50,41.513928048302,8.01562225235705,3.36110599459612,50,50,50,50,0,50,0,50,50,0,46.648888101525,20.9664864736496,19.3632361204075,0,0,0,0,0,0,3.72868400364201,50,40.6731766851214,50,50,0,29.8956522695482,30,30,0,6.82951187454342,20.5133366988105,30,12.2868574407083,30,0,30,30,3.5554967449888,8.43679198808517,30,11.7985810030965,29.1452720418937,30,8.89905701688788,30,0,30,30,30,29.5983385210223,30,30,0.3,0,0.0244457417391912,0,0,0,0,0,0,0.3,0.3,0.3,0.0091314006481383,0,0,0,0,0.0298804578772772,0,0,0,0.255007672799604,0.3,0,0,0,0.3,0,-38
"23",50,50,26.1632496610357,3.3062988756053,50,50,50,50,0,50,0,50,50,0,50,34.8383601567754,16.1281505665125,0,0,0,0,0,0,7.22653762384996,50,37.6529128352027,50,50,0,30,30,30,0,2.90732950760323,29.4610652000474,30,9.49965881775574,30,0,30,30,12.5197333967588,17.2968494680454,30,21.9690724096857,28.9888862593206,30,5.90847180838123,30,0,30,30,30,29.4476639248548,30,30,0.3,0,0.0828196375885057,0,0,0,0,0,0,0.3,0.3,0.3,0.00398967085686905,0,0,0,0,0.0433292487437414,0,0,0,0.144447944549745,0.3,0,0,0,0.3,0,-40.7
"24",50,43.9772240680645,15.2458342728241,3.1584916267358,50,50,50,50,0,50,0,50,50,0,50,26.8608622232649,12.957822728551,0,0,0,0,0,0,4.36764843648604,50,39.2341068046011,50,50,0,29.9210438113288,30,30,0,6.70887789899596,23.7419668003081,30,10.3996298153331,30,0,30,30,8.82608558048047,13.2106927337828,30,16.985085955446,28.4242952502899,30,7.87348286983426,30,0,30,30,30,28.6780572871646,30,30,0.3,0,0.0606744086453674,0,0,0,0,0,0,0.3,0.3,0.3,0.00795947566613082,0,0,0,0,0.0212115645969848,0,0,0,0.194079145868302,0.3,0,0,0,0.3,0,-36.7
"25",50,48.3974691140322,18.7988220219191,4.49393942263049,50,50,50,50,0,50,0,50,50,0,50,33.2268726091416,11.7345885748392,0,0,0,0,0,0,6.53126235361517,50,36.4862844290044,50,50,0,30,30,30,0,5.29539490369674,27.1398401890629,30,9.34486689488844,30,0,30,30,12.8659467269381,18.371835351639,30,23.230257802924,29.1013556105352,30,5.04172571255233,30,0,30,30,30,29.3660409769575,30,30,0.3,0,0.0896641014241359,0,0,0,0,0,0,0.3,0.3,0.3,0.00436816850381177,0,0,0,0,0.0179007740544733,0,0,0,0.134492147354532,0.3,0,0,0,0.3,0,-40.1
"26",50,39.7953065468908,18.7661204539424,2.86553998959594,50,50,50,50,0,50,0,50,50,0,50,25.5477736216977,14.4682431821335,0,0,0,0,0,0,3.82263372450966,50,36.8198681712244,50,50,0,29.8788867389029,30,30,0,6.80791346742999,22.50528690035,30,10.5527698253712,30,0,30,30,7.61159116610404,12.156234336905,30,14.8748322242409,28.7495030881593,30,8.14290477727681,30,0,30,30,30,28.7587723736551,30,30,0.3,0,0.0500549852269637,0,0,0,0,0,0,0.3,0.3,0.3,0.00727700873593131,0,0,0,0,0.0236889200164429,0,0,0,0.218767252181536,0.3,0,0,0,0.3,0,-38.8
"27",50,50,17.8161203682703,4.86807317024704,50,50,50,50,0,50,0,50,50,0,50,32.7445565054425,13.0526549904713,0,0,0,0,0,0,6.48792859416019,50,39.8050722904365,50,50,0,30,30,30,0,6.07132175786492,29.4970633143025,30,8.70823267330547,30,0,30,30,13.9611188587149,18.3865517158479,30,23.5598443967073,27.6119667621275,30,5.18131414940108,30,0,30,30,30,28.0828240368719,30,30,0.3,0,0.0985731154796841,0,0,0,0,0,0,0.3,0.3,0.3,0.00807209112074143,0,0,0,0,0.0283885005943503,0,0,0,0.13402907273552,0.3,0,0,0,0.3,0,-38.6
"28",50,41.7604518157437,11.5422921118151,3.70840377643725,50,50,50,50,0,50,0,50,50,0,50,25.2581116491351,12.5248268930775,0,0,0,0,0,0,3.57072102146905,50,40.7802974665456,50,50,0,30,30,30,0,7.47109294346209,22.0489908592331,30,11.1830640002281,30,0,30,30,7.58931408113537,11.6136032142094,30,15.5146630001197,28.1561580099801,30,8.44095265329792,30,0,30,30,30,29.07949515466,30,30,0.3,0,0.0549013169564969,0,0,0,0,0,0,0.3,0.3,0.3,0.00971786603889831,0,0,0,0,0.0141152212543544,0,0,0,0.210311185898437,0.3,0,0,0,0.3,0,-38.4
"29",50,40.8088127868545,8.94707283669883,1.30554295370606,50,50,50,50,0,50,0,50,50,0,50,21.8691954110999,12.6049162294935,0,0,0,0,0,0,2.65212086436764,50,38.0218983257966,50,50,0,29.6383606968399,30,30,0,7.98737781579418,21.8665728352661,30,10.6884971982358,30,0,30,30,5.85362108270111,9.85243171367203,30,13.1721258743712,28.8537843055401,30,10.2568103894492,30,0,30,30,30,29.437264659402,30,30,0.3,0,0.0430675956856614,0,0,0,0,0,0,0.3,0.3,0.3,0.00867113355265484,0,0,0,0,0.0197901669367127,0,0,0,0.238236668242194,0.3,0,0,0,0.3,0,-40.7
"30",50,44.1556031125445,15.934887843505,3.56261929196332,50,50,50,50,0,50,0,50,50,0,50,28.1520294025083,12.8799077821731,0,0,0,0,0,0,4.83191256187755,50,38.7447446989761,50,50,0,29.8190785182304,30,30,0,6.70189254172315,24.1235159732271,30,10.594209772093,30,0,30,30,9.53679661400426,13.7563601027702,30,17.5932869030152,28.5202090540827,30,7.50914812536868,30,0,30,30,30,28.7269106330949,30,30,0.3,0,0.0646147413985454,0,0,0,0,0,0,0.3,0.3,0.3,0.00751658412057043,0,0,0,0,0.0167485439684193,0,0,0,0.187339199580712,0.3,0,0,0,0.3,0,-36.7
"31",50,45.0874297924181,13.7095556863119,4.12531761568015,50,50,50,50,0,50,0,50,50,0,50,29.2559622203354,13.2269163763556,0,0,0,0,0,0,4.42592232007681,50,39.7153689298025,50,50,0,29.959616843845,30,30,0,7.15886925246033,24.3813843843091,30,11.1072666292389,30,0,30,30,10.6460764646564,13.8364938962164,30,18.266306896111,28.4202011770087,30,6.45725693154172,30,0,30,30,30,29.0793268508311,30,30,0.3,0,0.0681842594224132,0,0,0,0,0,0,0.3,0.3,0.3,0.00770138416985882,0,0,0,0,0.0237736722783931,0,0,0,0.172756826002959,0.3,0,0,0,0.3,0,-37.1
"32",50,39.887291039481,11.2909592681797,4.44353541075136,50,50,50,50,0,50,0,50,50,0,48.1743281806764,25.5516459415792,15.7225267704269,0,0,0,0,0,0,3.32860742260635,50,41.8943235568194,50,50,0,29.7715265070766,30,30,0,7.30010902412546,21.2375191876888,30,13.1783586975078,30,0,30,30,9.79481009467034,11.5472095567699,30,15.0885468855915,27.0552664774532,30,7.11425873609844,30,0,30,30,30,29.0315547388211,30,30,0.3,0,0.0611121204077424,0,0,0,0,0,0,0.3,0.3,0.3,0.0109302559708481,0,0,0,0,0.0373198890036187,0,0,0,0.201765219102779,0.3,0,0,0,0.3,0,-37
"33",50,45.0736300981866,20.6213530851939,3.78021800404835,50,50,50,50,0,50,0,50,50,0,50,29.395827146808,11.9635607953587,0,0,0,0,0,0,5.46546518206392,50,37.3063133167891,50,50,0,29.7655045002679,30,30,0,6.30186740720214,26.0916719414023,30,10.1186765845208,30,0,30,30,11.5224818693211,15.3266265351239,30,19.0807892273315,29.2189975003183,30,6.79543720719943,30,0,30,30,30,28.606934329887,30,30,0.3,0,0.0742084669916882,0,0,0,0,0,0,0.3,0.3,0.3,0.0041914369445678,0,0,0,0,0.0390636023103838,0,0,0,0.165630864589653,0.3,0,0,0,0.3,0,-40.1
"34",50,44.6456306548475,13.9111283047152,3.56505427215521,50,50,50,50,0,50,0,50,50,0,50,26.7232253272192,13.1727670073521,0,0,0,0,0,0,4.03431461590154,50,38.3618104237941,50,50,0,29.8174277241755,30,30,0,7.33022340646778,24.4182178567944,30,10.9731309190062,30,0,30,30,8.26216354328778,13.544080061494,30,16.748104907415,28.2510451160287,30,8.29685178684812,30,0,30,30,30,28.8106172559798,30,30,0.3,0,0.0555335107042427,0,0,0,0,0,0,0.3,0.3,0.3,0.00630052364583645,0,0,0,0,0.0251393563971997,0,0,0,0.206858681058297,0.3,0,0,0,0.3,0,-38.9
"35",50,46.1918916831106,15.4147850489133,2.90122829262577,50,50,50,50,0,50,0,50,50,0,49.3332988126646,28.7073213085016,11.7198869272247,0,0,0,0,0,0,4.57768398733814,50,38.6268454115817,50,50,0,30,30,30,0,6.11097812490017,24.9503035599195,30,9.07170471919166,30,0,30,30,9.77957879251693,14.6081646859994,30,18.5284314802944,27.8165233471186,30,7.69520075015686,30,0,30,30,30,28.8269423811934,30,30,0.3,0,0.0606340541351879,0,0,0,0,0,0,0.3,0.3,0.3,0.00846170649917648,0,0,0,0,0.0189003276961996,0,0,0,0.185207943231947,0.3,0,0,0,0.3,0,-36.6
"36",50,45.1991754743308,11.2905085482984,3.51926101165715,50,50,50,50,0,50,0,50,50,0,50,25.4089501562392,12.0061888774157,0,0,0,0,0,0,3.50165582785121,50,40.8843874809578,50,50,0,30,30,30,0,7.23182615208265,22.3725258735804,30,9.0811845679624,30,0,30,30,7.75727452161205,11.9829054791702,30,17.0208596205599,28.0099183579363,30,8.34917100936885,30,0,30,30,30,30,30,30,0.3,0,0.0562210735757592,0,0,0,0,0,0,0.3,0.3,0.3,0.00974236620226953,0,0,0,0,0,0,0,0,0.207610253696244,0.3,0,0,0,0.3,0,-38
"37",50,44.3485156817217,12.9928994966967,4.33477191392539,50,50,50,50,0,50,0,50,50,0,50,26.3198529030664,12.8476551520851,0,0,0,0,0,0,4.20100304494387,50,40.4141355190906,50,50,0,30,30,30,0,7.01189505557764,23.37575828773,30,10.8200235479014,30,0,30,30,9.14608441210549,12.974605243325,30,17.1842875798337,28.3034576753644,30,7.58633555468371,30,0,30,30,30,28.9165687944546,30,30,0.3,0,0.0653476579751459,0,0,0,0,0,0,0.3,0.3,0.3,0.00886414186297733,0,0,0,0,0.0325332870830436,0,0,0,0.192824532710268,0.3,0,0,0,0.3,0,-37.4
"38",50,43.2814558863905,15.1122848648245,2.96755320875132,50,50,50,50,0,50,0,50,50,0,50,26.2957331699518,13.4974838458276,0,0,0,0,0,0,3.78455311246747,50,38.9166882302021,50,50,0,29.7506133466382,30,30,0,7.03190305119756,23.4395549730726,30,11.0408370804234,30,0,30,30,8.33722856993111,12.3177414818243,30,15.9915248835838,28.5617332029374,30,7.96605352113108,30,0,30,30,30,28.7287527366716,30,30,0.3,0,0.0560788144899342,0,0,0,0,0,0,0.3,0.3,0.3,0.00803893967088974,0,0,0,0,0.0266138274132166,0,0,0,0.203737666300396,0.3,0,0,0,0.3,0,-36.7
"39",50,48.6111534979015,25.1814082701351,3.39570154256497,50,50,50,50,0,50,0,50,50,0,49.8011766801552,36.1944172046933,13.443253683271,0,0,0,0,0,0,5.79378677992326,50,36.2174695960876,50,50,0,29.8149155477387,30,30,0,5.59574600817868,28.2686364801197,30,10.128357811862,30,0,30,30,14.1661772315673,16.5841882539662,30,20.5870443397142,30,30,4.73692815543607,30,0,30,30,30,29.5336381413071,30,30,0.3,0,0.0761555751893333,0,0,0,0,0,0,0.3,0.3,0.3,0.000694287175312063,0,0,0,0,0.0406376441850332,0,0,0,0.143331196511202,0.3,0,0,0,0.3,0,-40.2
"40",50,40.9015051431851,14.8551661141239,5.2120095112679,50,50,50,50,0,50,0,50,50,0,50,26.5931681953198,15.3483880019385,0,0,0,0,0,0,3.47859085175132,50,39.5070195060138,50,50,0,30,30,30,0,6.98974713268951,22.5524467447113,30,12.7482864876019,30,0,30,30,10.820524131951,12.4651642691301,30,16.2002526381159,28.451807379325,30,6.36717523986185,30,0,30,30,30,28.7675877257872,30,30,0.3,0,0.0675678631731125,0,0,0,0,0,0,0.3,0.3,0.3,0.00830085565916296,0,0,0,0,0.00107895286967141,0,0,0,0.194061733830776,0.3,0,0,0,0.3,0,-37.9
"41",50,42.7717785940541,9.93747082795896,2.30582032326738,50,50,50,50,0,50,0,50,50,0,50,22.403615744001,11.3159555632067,0,0,0,0,0,0,2.66935367986058,50,40.8886800927747,50,50,0,30,30,30,0,7.89552390888944,20.4018228003295,30,11.113026580293,30,0,30,30,5.19034769144065,9.44097497023776,30,12.8277076393153,28.0983965736865,30,10.3388904145012,30,0,30,30,30,29.2073350406878,30,30,0.3,0,0.0376736397878303,0,0,0,0,0,0,0.3,0.3,0.3,0.0109279382665992,0,0,0,0,0.0100420271607044,0,0,0,0.236799837078438,0.3,0,0,0,0.3,0,-40
"42",50,41.399797704305,11.4062343107176,3.03466568085679,50,50,50,50,0,50,0,50,50,0,50,24.7901023489155,11.3994575960774,0,0,0,0,0,0,3.39943935998981,50,40.4263859404449,50,50,0,30,30,30,0,7.56084137212497,21.9336817638842,30,10.6369402690779,30,0,30,30,6.56131796469889,11.4751971163582,30,15.0876267173922,28.5827446874114,30,9.1658920362866,30,0,30,30,30,29.5369702752029,30,30,0.3,0,0.0508432913849123,0,0,0,0,0,0,0.3,0.3,0.3,0.00890700107463728,0,0,0,0,0.00748351046453756,0,0,0,0.218895294257939,0.3,0,0,0,0.3,0,-39.9
"43",50,41.5688302539462,14.5202533066183,2.73089473113389,50,50,50,50,0,50,0,50,50,0,50,27.201347725092,12.3375887751382,0,0,0,0,0,0,2.82467155106554,50,38.5385601049336,50,50,0,29.5382099870435,30,30,0,7.00364169595816,23.0318700536687,30,10.7239581236691,30,0,30,30,7.77724635874418,12.724585821207,30,15.9861904588763,29.4005549927698,30,8.26152265766044,30,0,30,30,30,29.6127694075103,30,30,0.3,0,0.0542292339462825,0,0,0,0,0,0,0.3,0.3,0.3,0.00803069385134991,0,0,0,0,0.000309333392174828,0,0,0,0.204846840249987,0.3,0,0,0,0.3,0,-39
"44",50,50,31.1711819618218,4.02360782324935,50,50,50,50,0,50,0,50,50,0,50,42.52408283374,0,0,0,0,0,0,0,8.76887974542147,50,27.8392138354056,50,50,0,28.8289154290277,30,30,0,8.69674186760086,30,30,0,30,0,30,30,13.267714050513,27.160096958371,30,29.6186086170218,29.6097907866923,30,9.07679703246675,30,0,30,30,30,27.0590955080545,30,30,0.3,0,0.0622857969993643,0,0,0,0,0,0,0.3,0.3,0.3,0.00483693590314947,0,0,0,5.28439903243658e-05,0.0115271097034629,0,0.000140340411192515,0,0.0706597670433209,0.3,0,0,0,0.3,0,-44
"45",50,37.5892755115592,5.94987304905231,3.92070623761422,50,50,50,50,0,50,0,50,50,0,50,22.001891289939,11.5304032366604,0,0,0,0,0,0,2.38279032573962,50,42.6875951708844,50,50,0,29.4526076237741,30,30,0,8.58006747504304,19.3960693620846,30,11.8782237536641,30,0,30,30,4.98517356712166,9.18105474432475,30,13.0259723909272,27.8940582202996,30,10.0908951984316,30,0,30,30,30,29.447291726156,30,30,0.3,0,0.0448362468817966,0,0,0,0,0,0,0.3,0.3,0.3,0.0114773963110162,0,0,0,0,0.000308148985375332,0,0,0,0.239429459376334,0.3,0,0,0,0.3,0,-40.9
"46",50,43.2059414115484,5.9844651819248,2.62283931758468,50,50,50,50,0,50,0,50,50,0,49.998175287907,22.1269982661315,11.7472306337863,0,0,0,0,0,0,2.51221882010419,50,41.22770748317,50,50,0,29.9818170190792,30,30,0,8.65454901401606,20.8940840661477,30,9.44800025695532,30,0,30,30,5.58055186949838,9.44237113719253,30,12.7510490206217,28.1122393509877,30,9.7915355416168,30,0,30,30,30,29.2194267677408,30,30,0.3,0,0.0414297719187472,0,0,0,0,0,0,0.3,0.3,0.3,0.0111844718392897,0,0,0,0,0.0128415272015219,0,0,0,0.229032747281919,0.3,0,0,0,0.3,0,-39.8
"47",50,43.7727674480922,12.7732416368209,3.68567027941758,50,50,50,50,0,50,0,50,50,0,50,29.5486148599859,11.0049879613532,0,0,0,0,0,0,5.8829822866156,50,41.1959296496267,50,50,0,30,30,30,0,6.39601742504925,25.365653375126,30,9.57001312439052,30,0,30,30,11.4003985474874,15.6525813442484,30,20.2020120206142,27.5637049655382,30,6.67496239193288,30,0,30,30,30,30,30,30,0.3,0,0.0800171121323637,0,0,0,0,0,0,0.3,0.3,0.3,0.0102953504322253,0,0,0,0,0.00346824038152751,0,0,0,0.160862336403264,0.3,0,0,0,0.3,0,-39.1
"48",49.8777590031141,41.0740914555827,14.5811096904136,2.9043377728576,50,50,50,50,0,50,0,50,50,0,50,26.1204260528408,13.230095026474,0,0,0,0,0,0,2.48559188748931,50,38.8131113411084,50,50,0,29.8831277045965,30,30,0,7.55229577888596,22.1935801286066,30,10.8212480369672,30,0,30,30,7.87682935185847,11.6366321425305,30,14.7278387561547,28.6271432351826,30,8.50469839490404,30,0,30,30,30,28.7203129417846,30,30,0.3,0,0.0410667645282946,0,0,0,0,0,0,0.3,0.3,0.3,0.00799581704792823,0,0,0,0,0,0,0,0,0.213760835589329,0.3,0,0,0,0.3,0,-40.5
"49",50,36.8868633164147,5.26127509977721,2.90336310722928,50,50,50,50,0,50,0,50,50,0,50,21.1454239019497,10.1146135674663,0,0,0,0,0,0,2.32719911234643,50,42.7277047777934,50,50,0,29.68670767893,30,30,0,8.88538143896143,19.2253637531859,30,11.0873733985984,30,0,30,30,3.65747466293462,8.76658935193586,30,12.5860320917396,27.3814498097088,30,10.8234949478279,30,0,30,30,30,29.2035878534732,30,30,0.3,0,0.0398482691957241,0,0,0,0,0,0,0.3,0.3,0.3,0.0121605229119623,0,0,0,0,0.020039707442024,0,0,0,0.24841807206518,0.3,0,0,0,0.3,0,-39.2
"50",50,40.5132390699515,5.53358527864922,3.79959309720149,50,50,50,50,0,50,0,50,50,0,50,23.611861971351,12.2257220914503,0,0,0,0,0,0,1.59032429651049,50,41.8313999155515,50,50,0,29.6938903406037,30,30,0,7.92056684452876,21.1697367492639,30,11.6268095010468,30,0,30,30,6.33998924910543,10.4321593464476,30,14.4391472743193,27.8818625110241,30,8.92957981363535,30,0,30,30,30,29.1511705836308,30,30,0.3,0,0.0514166413073384,0,0,0,0,0,0,0.3,0.3,0.3,0.0108153152201466,0,0,0,0,0,0,0,0,0.229165485717109,0.3,0,0,0,0.3,0,-41.1
"51",50,50,23.3202498477631,1.67673843878896,50,50,50,50,0,50,0,50,50,0,50,38.2668776754367,3.68983122495722,0,0,0,0,0,0,8.03863591594878,50,31.2943052779473,50,50,0,29.9406630144503,30,30,0,2.46957146214439,30,30,0.539327178437482,30,0,30,30,10.1160897975076,25.4467841789901,30,28.134356983589,28.6098698640232,30,1.8777313661065,30,0,30,30,30,26.6007869678652,30,30,0.3,0,0.0680289723774335,0,0,0,0,0,0,0.3,0.3,0.3,0.000380654819547858,0,0,0,0,0,0,0,0,0.0937157937524173,0.3,0,0,0,0.3,0,-44.3
"52",50,46.4839186107015,16.2167426060062,4.7458799679507,50,50,50,50,0,50,0,50,50,0,50,31.7257839589048,12.4086292077462,0,0,0,0,0,0,5.31748189263568,50,40.3185095901286,50,50,0,29.9747079883208,30,30,0,7.52542102644609,25.2310445047717,30,10.608772330408,30,0,30,30,10.9597981878848,14.9677308831514,30,19.2198971648593,28.5771565449118,30,6.77711244526179,30,0,30,30,30,29.0911451407999,30,30,0.3,0,0.0761855276648117,0,0,0,0,0,0,0.3,0.3,0.3,0.00698873352036365,0,0,0,0,0.0217865216216855,0,0,0,0.170930088405603,0.3,0,0,0,0.3,0,-37.3
"53",50,39.6482913352549,1.08711690246044,5.450434764458,50,50,50,50,0,50,0,50,50,0,50,20.828522711659,11.1751189695433,0,0,0,0,0,0,4.22503505561959,50,44.1775510488876,50,50,0,29.6604569521674,30,30,0,10.3768914804636,20.083197964019,30,11.4516690889405,30,0,30,30,5.21760083888892,9.70446056528498,30,15.2938596374738,27.1722361658424,30,9.35006797548979,30,0,30,30,30,28.8288199209898,30,30,0.3,0,0.0682900285961195,0,0,0,0,0,0,0.3,0.3,0.3,0.014670176697581,0,0,0,0,0,0,0,0,0.21593770977804,0.3,0,0,0,0.3,0,-40
"54",50,46.6333534399145,12.2602931973365,2.83674885671866,50,50,50,50,0,50,0,50,50,0,49.7702028513619,30.6269181382104,11.8364367359493,0,0,0,0,0,0,4.19662213072904,50,41.0241320862476,50,50,0,30,30,30,0,8.52360555169903,22.9768389569619,30,9.3383832896551,30,0,30,30,7.21412459973286,14.7597206376227,30,18.0732966741083,28.7680609232494,30,6.87790315883023,30,0,30,30,30,30,30,30,0.3,0,0.0564257247603734,0,0,0,0,0,0,0.3,0.3,0.3,0.00274060131180872,0,0,0,0,0,0,0,0,0.189670641971365,0.3,0,0,0,0.3,0,-40
"55",50,41.2809026035695,8.57072405655292,4.92455242482605,50,50,50,50,0,50,0,50,50,0,50,21.6654357123917,16.4413089016551,0,0,0,0,0,0,2.38285608050399,50,44.3295079171257,50,50,0,29.7031779277623,30,30,0,7.69542455599213,20.6213579257661,30,14.923928593845,30,0,30,30,5.24926085586581,7.85865056106508,30,10.7174313310713,27.8867418739157,30,9.60629186598527,30,0,30,30,30,29.7760244131289,30,30,0.3,0,0.0551216994052519,0,0,0,0,0,0,0.3,0.3,0.3,0.0128824080779669,0,0,0,0,0.0142988627325829,0,0,0,0.256806910470521,0.3,0,0,0,0.3,0,-39.5
"56",49.8874177394554,41.0884345955136,13.2687871284832,4.11233945919183,50,50,50,49.9732424331066,0,50,0,50,50,0,48.3402535870545,25.6556471607954,13.6523450881329,0,0,0,1.62326366527082,0,0,3.93872502124686,50,39.9815297377417,50,50,0,29.8320986064421,30,30,0,7.72449253484464,22.4069918937212,30,11.5663312479488,30,0,30,30,7.847378310938,11.9715937207217,30,15.453748047108,28.3425158218751,30,8.29615643581433,30,0,29.9626372415363,30,30,29.0491877876857,29.8943234523632,30,0.299915974330268,0,0.0577251422853376,0,0,0,0,0.000265396681748301,0,0.3,0.3,0.3,0.00898797086470863,0,0,0,2.96529521552e-05,0.0260911187894722,0,0,0,0.20606008537079,0.3,0,0,0.00909253704007436,0.3,0,-38.7
"57",50,39.3139279505399,6.06360351257445,3.77082968957951,50,50,50,50,0,50,0,50,50,0,50,23.0074142979216,10.7493071496021,0,0,0,0,0,0,2.90471750462093,50,42.9602357800552,50,50,0,29.5447586091639,30,30,0,8.36893508365689,20.3702275022659,30,11.5053959228605,30,0,30,30,5.85811629542265,10.2010462559011,30,14.3186743566994,27.8428303641773,30,9.81924516908923,30,0,30,30,30,29.7592736674117,30,30,0.3,0,0.0502586559633061,0,0,0,0,0,0,0.3,0.3,0.3,0.0119848347263835,0,0,0,0,0,0,0,0,0.22738720449442,0.3,0,0,0,0.3,0,-39.7
"58",50,41.1371053058312,8.53179892584679,4.43781139064711,50,50,50,50,0,50,0,50,50,0,50,24.189079640202,12.1081240804981,0,0,0,0,0,0,3.4546719589052,50,41.9233229495788,50,50,0,29.8582016071835,30,30,0,7.7357653772437,21.4950424957551,30,11.4751974766385,30,0,30,30,7.43541318339174,11.2766944299214,30,15.4958136786341,27.7944610874404,30,8.92961681471423,30,0,30,30,30,29.160993091707,30,30,0.3,0,0.0584302623164247,0,0,0,0,0,0,0.3,0.3,0.3,0.0109697167612128,0,0,0,0,0.0085153681303003,0,0,0,0.211597612527328,0.3,0,0,0,0.3,0,-37.9
"59",50,39.6398282098276,4.64890556567213,4.32027071426964,50,50,50,50,0,50,0,50,50,0,50,22.4331562714102,11.699326496998,0,0,0,0,0,0,2.61283580160413,50,44.1304423574892,50,50,0,29.5817523447031,30,30,0,8.64393473871082,19.822822722589,30,12.2607082844889,30,0,30,30,5.585927792774,9.16949484518844,30,13.8093630703104,27.7505595151625,30,9.31224928311158,30,0,30,30,30,30,30,30,0.3,0,0.0468078675210042,0,0,0,0,0,0,0.3,0.3,0.3,0.0124773725704815,0,0,0,0,0.00247926403607483,0,0,0,0.233661396695992,0.3,0,0,0,0.3,0,-39.7
"60",50,48.8077058038578,18.543985436288,4.27165820375317,50,50,50,50,0,50,0,50,50,0,50,32.1132765099944,14.7418462706065,0,0,0,0,0,0,5.71896912389192,50,36.5408983921845,50,50,0,30,30,30,0,5.1016203115787,27.1119125730724,30,10.4990114063064,30,0,30,30,12.4917964788833,17.1280985995766,30,20.7429340560989,27.6809593576017,30,4.63399090492209,30,0,30,30,30,28.6813140404899,30,30,0.3,0,0.0817334868517588,0,0,0,0,0,0,0.3,0.3,0.3,0.00527610366684559,0,0,0,0,0.00238978114648742,0,0,0,0.151077084216809,0.3,0,0,0,0.3,0,-41.3
