"","accuracy","NA","NA","NA","NA","NA","NA","NA","NA","NA","NA","NA","NA","NA","NA","NA","NA","NA","NA","NA","NA","NA","NA","NA","NA","NA","NA","NA","NA","NA","NA","NA","NA","NA","NA","NA","NA","NA","NA","NA","NA","NA","NA","NA","NA","NA","NA","NA","NA","NA","NA","NA","NA","NA","NA","NA","NA","NA","NA","NA","NA","NA","NA","NA","NA","NA","NA","NA","NA","NA","NA","NA","NA","NA","NA","NA","NA","NA","NA","NA","NA","NA","NA","NA","NA"
"1",50,47.098315854209,16.5260561681335,2.56225876745423,50,50,50,50,0,50,0,50,50,0,50,31.3510297911603,9.63831101156645,0,0,0,0,0,0,5.38762971710172,50,37.318191131774,50,50,0,29.5468723765096,30,30,0,6.80859473327893,27.2693317663007,30,8.66446548381504,30,0,30,30,9.59233178403192,16.3324525656626,30,20.4786226207582,29.190233378004,30,6.89120012719585,30,0,30,30,30,30,30,30,0.3,0,0.0762089063650408,0,0,0,0,0,0,0.3,0.3,0.3,0.00543470016191702,0,0,0,0,0,0,0,0,0.162108459468478,0.3,0,0,0,0.3,0,-41
"2",50,40.8381174427109,19.150054363059,2.70996825988402,50,50,50,50,0,50,0,50,50,0,48.1764725928867,28.5701778754949,14.0580809003552,0,0,0,0,0,0,3.85533251456087,50,36.8969936056918,50,50,0,29.647012159224,30,30,0,6.61185131215984,22.9467692807471,30,12.2666957124848,30,0,30,30,8.3157678875328,12.7134686215522,30,14.7136642482959,30,30,7.17347325164185,30,0,30,30,30,29.985731487814,30,30,0.3,0,0.0446089511871949,0,0,0,0,0,0,0.3,0.3,0.3,0.0047489745895445,0,0,0,0,0.0372172891372699,0,0,0,0.209730796382847,0.3,0,0,0,0.3,0,-41.3
"3",50,42.1083842358769,11.5383412514466,3.75534055701158,50,50,50,50,0,50,0,50,50,0,50,25.3379810688435,12.595652129924,0,0,0,0,0,0,3.66343461716891,50,40.9410649165844,50,50,0,29.7829762991418,30,30,0,7.36849363661066,22.2565955667517,30,11.1785823201973,30,0,30,30,7.94885946728785,11.7828995600592,30,15.7740796308765,28.0594149507272,30,8.37277376485996,30,0,30,30,30,29.0293416923127,30,30,0.3,0,0.0566571654398867,0,0,0,0,0,0,0.3,0.3,0.3,0.00979004821204467,0,0,0,0,0.0166699300816067,0,0,0,0.207451618047041,0.3,0,0,0,0.3,0,-36.4
"4",50,32.0475334371035,8.32036567678503,3.61349466810134,50,50,50,50,0,50,0,50,50,0,50,20.5253159603004,13.1558780102094,0,0,0,0,0,0,0.613025263716338,50,40.6824143477995,50,50,0,29.269975039062,30,30,0,9.57909170488574,16.3862479933774,30,12.5878851675803,30,0,30,30,2.54843166412594,6.62118888421362,30,9.2225646392712,28.3940159509993,30,10.4402578367347,30,0,30,30,30,29.4416458315505,30,30,0.3,0,0.0193102466509512,0,0,0,0,0,0,0.3,0.3,0.3,0.0136679743499568,0,0,0,0,0.015185262250793,0,0,0,0.277523183578529,0.3,0,0,0,0.3,0,-37.7
"5",50,37.2835182562241,5.33974317541352,0.952604222559208,50,50,50,50,0,50,0,50,50,0,50,21.5898486587288,7.35622488698803,0,0,0,0,0,0,2.46250941568204,50,42.2209901719693,50,50,0,29.2017988745556,30,30,0,8.67446648678276,19.8332874345655,30,9.67484499610111,30,0,30,30,2.26690808446526,9.00892235026885,30,12.1970546157657,27.6853679302155,30,11.8631108606955,30,0,30,30,30,29.1542484526166,30,30,0.3,0,0.027759907463061,0,0,0,0,0,0,0.3,0.3,0.3,0.0131090946880056,0,0,0,0,0,0,0,0,0.260603541534001,0.3,0,0,0,0.3,0,-42.4
"6",50,37.4633879537101,13.1445125405174,3.16853598027306,50,50,50,50,0,50,0,50,50,0,50,23.4629171046773,13.4335498723339,0,0,0,0,0,0,2.07530636558351,50,40.1479912706887,50,50,0,29.2005863069094,30,30,0,8.38862732269202,20.0469221218267,30,11.9015318155306,30,0,30,30,5.24628658322588,9.14358267933846,30,11.720856451901,28.8979053732494,30,10.0590544713445,30,0,30,30,30,29.4014434696336,30,30,0.3,0,0.0347491079369219,0,0,0,0,0,0,0.3,0.3,0.3,0.00901834955002263,0,0,0,0,0.0183933596232645,0,0,0,0.249258489974131,0.3,0,0,0,0.3,0,-38.8
"7",50,33.0230184256678,29.0526741805571,1.3391117648201,50,50,50,50,0,50,0,50,50,0,33.2865622482432,26.7711109099327,20.0862342573867,0,0,0,14.5877893589275,0,0,0,50,30.0214066614613,50,50,0,30,30,30,0,4.86411348037752,19.145247750002,30,13.051830578942,30,0,30,30,7.62645458773948,8.97259621798758,30,10.6223183410682,29.3345859558295,30,6.83176554955786,30,0,30,30,30,27.5864981615266,30,30,0.3,0,0.0433792297889646,0,0,0,0,0,0,0.3,0.3,0.3,0.00518031861686852,0,0,0,0.0107963122526004,0.0909672590033274,0,0,0,0.252453355628186,0.3,0,0,0.0444214562755951,0.3,0,-44.3
"8",50,42.20163009127,18.2486388791195,1.41320408880407,50,50,50,50,0,50,0,50,50,0,50,29.6314797531916,12.5413512512371,0,0,0,0,0,0,3.20880720082985,50,37.267837456496,50,50,0,29.5265404286129,30,30,0,7.06747280360247,24.3551754938669,30,10.5546696060332,30,0,30,30,8.81882954723961,13.4216516795472,30,16.0982813037456,29.2962140823124,30,7.80719718018071,30,0,30,30,30,28.3950082484734,30,30,0.3,0,0.0422522931637845,0,0,0,0,0,0,0.3,0.3,0.3,0.0056201531579366,0,0,0,0,0.0222036062381023,0,0,0,0.204503737873068,0.3,0,0,0,0.3,0,-41.2
"9",49.9007960056981,38.7975739651609,21.5696332244591,3.96305098442743,50,50,50,50,0,50,0,50,49.9680413207203,0,45.4799392887021,26.7094970432027,17.2339138428283,0,0,0,1.36868684351704,0,0,5.08375244542137,50,33.6324331664405,50,50,0,29.8912686078746,30,30,0,6.63774679541111,24.3213523772057,30,11.3343996820827,30,0,30,30,8.70686786767744,13.1590543146953,30,15.3841248098072,29.7828835975481,30,8.55205481632972,30,0,30,30,30,28.4292648080524,30,30,0.299655906794153,0,0.0623221226136859,0,0,0,0,0,0,0.3,0.3,0.3,0.00409705426537154,0,0,0,0,0.0588946915335584,0,0,0,0.21357652225583,0.3,0,0,0.0168502678711021,0.3,0,-42.7
"10",50,48.4840779653651,22.6284270740752,0.214376977994744,50,50,50,50,0,50,0,50,50,0,49.9252418883294,30.6401161775167,12.5515605898116,0,0,0,0,0,0,4.42626326796105,50,36.30683192618,50,50,0,30,30,30,0,5.03047655151958,26.8856629460448,30,8.38739248656273,30,0,30,30,10.1860118700327,15.8990831375069,30,17.9728289115274,29.9830753526638,30,8.08258949303458,30,0,30,30,30,28.7216886389499,30,30,0.3,0,0.0496453815662629,0,0,0,0,0,0,0.3,0.3,0.3,0.00363144623935012,0,0,0,0.000454039630551122,0.0333899007846497,0,0,0,0.183330000740839,0.3,0,0,0,0.3,0,-42.4
"11",50,30.741346945046,1.60623800443595,2.03380283159225,50,50,50,50,0,50,0,50,50,0,50,17.3045936548761,8.99893431760209,0,0,0,0,0,0,1.34079356956197,50,42.6661975717528,50,50,0,28.7466924759762,30,30,0,9.9794419998122,16.5797831454027,30,11.2204361910921,30,0,30,30,0,6.2870041532676,30,8.99205093469578,27.7516158235379,30,13.4608417252705,30,0,30,30,30,30,30,30,0.3,0,0.0221348066129547,0,0,0,0,0,0,0.3,0.3,0.3,0.0139522642683202,0,0,0,0,0,0,0,0,0.296720755062281,0.3,0,0,0,0.3,0,-45.7
"12",50,33.1520668239562,10.7800917806204,1.11849937553433,50,50,50,50,0,50,0,50,50,0,50,22.0713964997389,13.9229378920598,0,0,0,0,0,0,0,50,34.295919789263,50,50,0,29.650614421662,30,30,0,7.1153973529691,17.4046264984872,30,9.84709441209783,30,0,30,30,0,8.10555150684914,30,9.37849759863343,25.7075331859057,30,11.0252365318583,30,0,30,30,30,27.6739170897684,30,30,0.3,0,0,0,0,0,0,0,0,0.3,0.3,0.3,0.0143718111315984,0,0,0,0,0.00520304478666767,0,0,0,0.273454019410926,0.3,0,0,0,0.3,0,-47.2
"13",50,37.7152352840599,23.6041807555097,3.21546473860771,50,50,50,50,0,50,0,50,50,0,37.3532742846461,27.9738362867693,19.501307097031,0,0,0,0,0,0,3.94095010504109,50,34.2702793695444,50,50,0,29.5286814581874,30,30,0,7.68025935415866,23.8147547818071,30,11.4124610718287,30,0,30,30,4.32620395267254,13.7390748082424,30,12.4234351467679,29.3903677850395,30,8.94831343867324,30,0,30,30,30,27.703477036114,30,30,0.299933296734237,0,0.0407741786519326,0,0,0,0,0,0,0.3,0.3,0.3,0.00625410781043432,0,0,0,0,0.070557144754626,0,0,0,0.215961334530665,0.3,0,0,0.00425056262236917,0.3,0,-42.6
"14",50,40.0483578961022,21.1553507215702,2.13175747044918,50,50,50,50,0,50,0,50,50,0,43.3482189189464,26.3758024542162,13.1248307550579,0,0,0,0.849145141438451,0,0,2.74863573552096,50,34.7632914376424,50,50,0,29.2792643000804,30,30,0,6.5382068739447,22.9990985299602,30,10.0292576870127,30,0,30,30,6.4221959815606,11.8165624544055,30,14.4350693412407,28.8896516626258,30,9.18070978883385,30,0,30,30,30,28.3277788903127,30,30,0.3,0,0.0500590501112993,0,0,0,0,0,0,0.3,0.3,0.3,0.00572804191747922,0,0,0,0,0.0497665204144962,0,0,0,0.225330963853506,0.3,0,0,0,0.3,0,-42.5
"15",50,45.912086500279,35.0361628394453,5.56899960458004,50,50,50,50,0,50,0,50,50,0,35.1109446277846,34.876305807289,20.8774979088285,0,0,0,1.00581514849704,0,0,3.66587350857172,50,32.1758858752637,50,50,0,30,30,30,0,7.30791848534128,23.6634960919612,30,10.1740978143961,30,0,30,30,12.4718629936774,14.9091720069694,30,18.8215169702612,30,30,4.14218459024089,30,0,30,30,30,26.2363289145451,30,30,0.3,0,0.0672050692937736,0,0,0,0,0,0,0.3,0.293761527155583,0.3,0,0,0,0,0,0.0858901181832566,0,0.00386672630142371,0,0.145017137886359,0.3,0,0,0,0.299296456859644,0,-43.4
"16",50,40.4855578237546,16.0932630069147,0.328280968710883,50,50,50,50,0,50,0,50,50,0,50,29.0835532920581,12.1229096061328,0,0,0,0,0,0,4.09897076715873,50,39.3162537427639,50,50,0,29.6654654329657,30,30,0,5.83261747683695,22.7813932568671,30,10.8188768730668,30,0,30,30,6.6201803480838,12.8979467996497,30,15.2998930311098,29.0607974752936,30,8.12145121706601,30,0,30,30,30,29.0242360207796,30,30,0.3,0,0.0485641317276646,0,0,0,0,0,0,0.3,0.3,0.3,0.00664992823529025,0,0,0,0,0.0178387938997226,0,0,0,0.20843138244316,0.3,0,0,0,0.3,0,-41.9
"17",50,36.5706819053988,11.4934638404365,1.41514753927753,50,50,50,50,0,50,0,50,50,0,50,24.7041899228167,13.1197311697606,0,0,0,0,0,0,2.14187623763281,50,39.1240774148029,50,50,0,29.382845082764,30,30,0,8.3275397787937,20.2902324566696,30,11.8212284634231,30,0,30,30,4.99288127036602,9.08602659717217,30,11.9199210794322,28.6617090347759,30,9.29392063245666,30,0,30,30,30,29.2354608518868,30,30,0.3,0,0.0329973581503034,0,0,0,0,0,0,0.3,0.3,0.3,0.00772767821367676,0,0,0,0,0.0158015912058199,0,0,0,0.237555088844483,0.3,0,0,0,0.3,0,-38.7
"18",50,34.4903739050829,19.4954526811313,6.26662909289118,49.9868967458723,50,50,50,0,50,0,50,50,0,44.9724573950976,24.0516832268624,18.978082230343,0,0,0,5.74346908686555,0,0,1.67222854972693,50,34.1812684134277,50,50,0,28.6093496972473,30,30,0,7.33063318936266,20.603823249672,30,13.2901849046637,30,0,30,30,7.44146784137035,11.0363533836025,30,12.5286585000251,29.6238803331789,30,8.39759387410753,30,0,30,30,30,28.7386897300468,30,30,0.3,0,0.0523075270373746,0,0,0,0,0,0,0.299724112173303,0.3,0.3,0.00360132996476643,0,0,0.000354370700535517,0,0.0669887097282774,0,0.0123576842072675,0,0.222272961125712,0.3,0,0,0.025015564800114,0.3,0,-46.5
"19",50,43.918546070011,27.1855797448288,1.0627762880132,50,50,50,50,0,50,0,50,50,0,42.7983459131404,30.2957169101939,15.7846949996098,0,0,0,0,0,0,3.37074761605412,50,33.7702625359915,50,50,0,29.9736002926283,30,30,0,4.98626818015854,25.3973047695815,30,10.1789848662114,30,0,30,30,9.25741632824262,14.5863669390808,30,16.5895513877205,29.8839904505128,30,7.11791894515392,30,0,30,30,30,28.3496661553382,30,30,0.3,0,0.0477535275139885,0,0,0,0,0,0,0.3,0.3,0.3,0.00265918164838871,0,0,0,0,0.0567837658373722,0,0,0,0.195814667656556,0.3,0,0,0,0.3,0,-42.8
"20",50,38.9677040458597,8.04311437927404,3.47827869403596,50,50,50,50,0,50,0,50,50,0,47.7162035897753,25.3253889809712,16.8331201064369,0,0,0,0,0,0,3.70004652484869,50,50,50,50,0,29.2772020248724,30,30,0,6.26343856750407,21.5537784486416,30,12.6720117903857,30,0,30,30,0,13.0656599874435,30,12.9307069933057,28.8380200038662,30,6.34518567223865,30,0,30,30,30,30,30,30,0.3,0,0.0647004116475395,0,0,0,0,0,0,0.3,0.3,0.3,0.00755055466296211,0,0,0,0,0.0240524224599627,0,0,0,0.197647331231613,0.3,0,0,0,0.3,0,-41.2
"21",50,39.7825177932414,11.2102708418555,1.39864148935356,50,50,50,50,0,50,0,50,50,0,50,25.840716766933,10.1565576415976,0,0,0,0,0,0,3.05737908692826,50,40.1937220905993,50,50,0,29.0973973358787,30,30,0,8.04068631580783,21.8142490522828,30,10.2505211877394,30,0,30,30,5.3237151773372,11.321806865926,30,14.4092507453979,27.6730724141313,30,9.51456185725032,30,0,30,30,30,29.2138431099651,30,30,0.3,0,0.0422619825816039,0,0,0,0,0,0,0.3,0.3,0.3,0.00943771960808747,0,0,0,0,0,0,0,0,0.228522091592582,0.3,0,0,0,0.3,0,-39.5
"22",50,39.4343390691911,0,1.36506534670602,50,50,50,50,0,50,0,50,50,0,50,0,28.592231705804,0,0,0,0,0,0,3.77803668677537,50,44.3916366622658,50,50,0,30,30,30,0,10.961643298271,15.5929812735535,30,17.556666296174,30,0,30,30,0,0,30,0,30,30,16.9636301657083,30,0,30,30,30,30,30,30,0.3,0,0,0,0,0,0,0,0,0.3,0.3,0.3,0.0110163537368685,0,0,0,0,0.0352814486099462,0,0,0,0.3,0.3,0,0,0,0.3,0,-48.5
"23",50,32.8436707845773,3.80640463204437,3.82321081553559,50,50,50,50,0,50,0,50,50,0,50,20.4108894115706,10.3536130405232,0,0,0,0,0,0,0.776086623372742,50,40.0703144202227,50,50,0,29.0270572770948,30,30,0,11.5745752053883,17.3324362914828,30,12.8653866647968,30,0,30,30,6.80767991336814,9.25347977350876,30,11.6133551287285,27.7161922615709,30,8.41413603321227,30,0,30,30,30,30,30,30,0.3,0,0.037270128297306,0,0,0,0,0,0,0.3,0.3,0.3,0.0109913269049491,0,0,0,0,0,0,0,0,0.23758463110767,0.3,0,0,0,0.3,0,-39.9
"24",50,44.0270176697328,14.5548252738817,1.05304730397161,50,50,50,50,0,50,0,50,50,0,50,27.2010953640008,8.74218771171413,0,0,0,0,0,0,4.19062829109621,50,38.1329380848668,50,50,0,29.2230446316092,30,30,0,6.81716441808727,24.4372422098901,30,8.62604889896884,30,0,30,30,6.5875397483949,13.1999397329571,30,16.1996826402557,29.2997461276641,30,9.70455318772021,30,0,30,30,30,29.2968499657168,30,30,0.3,0,0.0490639730954854,0,0,0,0,0,0,0.3,0.3,0.3,0.00688568221288814,0,0,0,0,0,0,0,0,0.213727430756241,0.3,0,0,0,0.3,0,-43.4
"25",50,35.8399878477522,7.02929415236525,1.03145831349618,50,50,50,50,0,50,0,50,50,0,50,18.192185640689,13.4544857943917,0,0,0,0,0,0,0,50,44.4957342803971,50,50,0,28.8320225966043,30,30,0,9.75967162616618,17.901539356594,30,12.9990373860721,30,0,30,30,1.19813323097966,3.86220087282304,30,6.12934953020261,26.8219589695064,30,12.2982014343685,30,0,30,30,30,28.1552998894273,30,30,0.3,0,0.000756729453429743,0,0,0,0,0,0,0.3,0.3,0.3,0.0153429279793922,0,0,0,0,0.0236533926798004,0,0,0,0.3,0.3,0,0,0,0.3,0,-42.7
"26",50,35.7746639454317,26.418765300748,2.67238712240433,50,50,50,50,0,50,0,50,50,0,34.4486766811006,24.1647900062181,18.1090631238418,0,0,0,7.67868777092388,0,0,3.40068013371917,50,32.7829207600755,50,50,0,29.0257694856968,30,30,0.14181536919718,6.17686179502158,21.5392750829495,30,10.8284147037853,30,0,30,30,7.11966987153422,11.4128637580341,30,12.5912626698878,29.41135235485,30,7.84301487741651,30,0,30,30,30,27.2627890800814,30,30,0.296597181884311,0,0.0395941517756272,0,0,0,0,0,0,0.3,0.3,0.3,0.004948365644094,0,0,0,0,0.087340235610264,0,0,0,0.240993930590924,0.296548487282978,0,0,0.0193959089118035,0.3,0,-45.3
"27",50,30.4177491136152,1.02143777029781,2.17383794931623,50,50,50,50,0,50,0,50,50,0,50,15.6074728065097,12.5698019643101,0,0,0,0,0,0,0,50,42.7799660993775,50,50,0,28.743010871284,30,30,0,9.59343334650963,15.6688043397964,30,15.9604588565528,30,0,30,30,0,1.6313580476117,30,4.17156067280687,27.8269319993722,30,12.1632205221085,30,0,30,30,30,30,30,30,0.3,0,0,0,0,0,0,0,0,0.3,0.3,0.3,0.013185992540011,0,0,0,0,0.00213117561005339,0,0,0,0.3,0.3,0,0,0,0.3,0,-44.9
"28",50,32.2447160939115,8.43413368792534,3.42917965853771,50,50,50,50,0,50,0,50,50,0,50,16.2456498240012,11.7760354548215,0,0,0,0,0,0,1.66839598342774,50,40.174726294526,50,50,0,28.9849858268691,30,30,0,8.7986474956137,16.2469888864511,30,10.6477298362324,30,0,30,30,0,7.73698592906439,30,9.38124557854815,28.3860488862336,30,11.0497753337789,30,0,30,30,30,29.3499247893631,30,30,0.3,0,0.0331633397239895,0,0,0,0,0,0,0.3,0.3,0.3,0.0125705703813697,0,0,0,0,0,0,0,0,0.291011012052134,0.3,0,0,0,0.3,0,-42.8
"29",50,36.4164470804371,1.27627306909737,0.182956098544861,50,50,50,50,0,50,0,50,50,0,50,14.7355242719304,12.5661551829084,0,0,0,0,0,0,0.623651721312678,50,38.9481802796273,50,50,0,29.1129472100049,30,30,0,9.29827081654371,18.3487138290381,30,11.3971200854774,30,0,30,30,1.89744140141193,5.43700682605285,30,8.32939527645714,28.7105421919266,30,13.414016008388,30,0,30,30,30,29.8556180998873,30,30,0.3,0,0.0206337418885049,0,0,0,0,0,0,0.3,0.3,0.3,0.0114806829386434,0,0,0,0,0,0,0,0,0.293954721353546,0.3,0,0,0,0.3,0,-43.6
"30",50,46.5513210839609,23.3409639338444,2.48107371718754,50,50,50,50,0,50,0,50,50,0,48.7433448419437,32.4256615429962,12.05608293281,0,0,0,0,0,0,8.36345425719681,50,33.4644241042089,50,50,0,29.9249773371608,30,30,0,5.51593485965578,27.1548344652158,30,8.93521533804389,30,0,30,30,11.1571914887935,17.049228175196,30,20.3225033185845,29.7302394309065,30,7.72559452628249,30,0,30,30,30,27.9152263002219,30,30,0.3,0,0.074185077577594,0,0,0,0,0,0,0.3,0.3,0.3,0.00321612787305244,0,0,0,0,0.039400193009651,0,0,0,0.165530968337512,0.3,0,0,0.00178208875346386,0.3,0,-41.4
"31",50,29.2894805771393,8.7141115335476,0.544240627294784,50,50,50,50,0,50,0,50,50,0,50,12.2936704141564,8.60155241656382,0,0,0,0,0,0,1.07916098297452,50,42.1231152239099,50,50,0,28.5719110448746,30,30,0,7.77355239363418,15.3781575761716,30,9.89754764389238,30,0,30,30,0,5.35672219934147,30,6.58192635267952,27.650960153777,30,16.0749898012521,30,0,30,30,30,28.9747653864581,30,30,0.3,0,0.00872903931660473,0,0,0,0,0,0,0.3,0.3,0.3,0.0145914053973649,0,0,0,0,0,0,0,0,0.3,0.3,0,0,0,0.3,0,-48
"32",50,46.5678952563497,18.6133494260335,2.48160742387008,50,50,50,50,0,50,0,50,50,0,50,28.3540845308994,9.97419582399784,0,0,0,0,0,0,4.73989227380094,50,36.7471186260808,50,50,0,29.8127046729225,30,30,0,6.61237019503227,25.4403464525268,30,8.32538017009119,30,0,30,30,7.41449088436491,14.0063215998012,30,17.9974334652465,30,30,8.65204556884557,30,0,30,30,30,28.6573578316902,30,30,0.3,0,0.0555342282508395,0,0,0,0,0,0,0.3,0.3,0.3,0.00466238736758666,0,0,0,0,0.0120503859728893,0,0,0,0.196062347211821,0.3,0,0,0,0.3,0,-41.8
"33",50,39.807834885032,13.8558410118913,2.93229525559395,50,50,50,50,0,50,0,50,50,0,50,27.0206927659088,12.55938662846,0,0,0,0,0,0,3.18464788560987,50,38.3426335952993,50,50,0,29.2979191257155,30,30,0,7.80778703874521,23.0558198264244,30,11.0353876553771,30,0,30,30,6.20248201412305,11.2578512287427,30,14.3191627699024,29.1481774368361,30,8.62216757853513,30,0,30,30,30,28.7725515776122,30,30,0.3,0,0.0434384663854527,0,0,0,0,0,0,0.3,0.3,0.3,0.00541233607670476,0,0,0,0,0.0195434715214377,0,0,0,0.219762869745705,0.3,0,0,0,0.3,0,-40
"34",50,39.6172572098611,4.3432441949993,2.96421244652434,50,50,50,50,0,50,0,50,50,0,50,21.8779318903678,9.1526681844745,0,0,0,0,0,0,1.06182099358845,50,42.6800136882168,50,50,0,29.4867396093344,30,30,0,8.4188297682952,20.3828796154104,30,11.6067642044869,30,0,30,30,2.04933878866524,7.74915890320219,30,11.1420284010847,27.1967199221953,30,11.2239697332081,30,0,30,30,30,29.4349780420182,30,30,0.3,0,0.0319364345928824,0,0,0,0,0,0,0.3,0.3,0.3,0.00905763830011909,0,0,0,0,0,0,0,0,0.255494558319166,0.3,0,0,0,0.3,0,-40.6
"35",49.8888482171689,45.7954786740868,32.6085357437941,2.98110981008734,50,50,50,50,0,50,0,50,50,0,37.0754678712013,32.8869299955257,18.3487055828215,0,0,0,1.83509193921053,0,0,5.46112974745146,50,30.8968510411294,50,50,0,29.6794709492476,29.8917841420196,30,0.426949125268918,4.88828521509469,26.6294507254024,30,10.1507058664674,30,0,30,30,12.5856612118997,16.5015435553717,30,18.4667580677284,30,30,5.34851887416731,29.706858985348,0,29.7568745932123,30,30,27.1109341222101,29.8609994074164,30,0.3,0,0.0656410884286852,0.00121837311887876,0,0,0,0,0,0.3,0.3,0.3,0.000511217081248281,0,0,0,0.00673237229216277,0.0917962772745169,0,0,0,0.169229825470061,0.3,0,0,0,0.3,0,-42.8
"36",50,30.4396520937401,0,7.87140263787088,50,50,50,50,0,50,0,50,50,0,48.4561427685551,20.9592777811601,21.4374785941463,0,0,0,3.64464575789136,0,0,0,50,50,50,50,0,28.9718045854213,30,30,0,14.5189428658296,17.0986958640548,30,24.8735899232034,30,0,30,30,7.68850822218167,0,30,0,29.4152037809184,30,9.84648267855278,30,0,30,30,30,25.2459584063568,30,30,0.3,0,0,0,0,0,0,0,0,0.3,0.3,0.3,0.0134404064921122,0,0,0,0.00488167262751081,0.0703904082976042,0,0,0,0.3,0.3,0,0,0,0.3,0,-44.4
"37",50,30.3218870714653,3.13274305144862,1.8431711481614,50,50,50,50,0,50,0,50,50,0,50,18.2658682640693,11.1670736573949,0,0,0,0,0,0,0.251433085620002,50,42.9514428586861,50,50,0,29.231277031615,30,30,0,9.54989877899791,16.1111391916729,30,12.4271808245033,30,0,30,30,0.93741332073053,5.57684855165333,30,8.42435641865539,26.8740670663007,30,12.5077392607582,30,0,30,30,30,29.3500397034666,30,30,0.3,0,0.0161456886227772,0,0,0,0,0,0,0.3,0.3,0.3,0.0153036221664211,0,0,0,0,0,0,0,0,0.29075580544877,0.3,0,0,0,0.3,0,-44.9
"38",50,45.158189291671,23.4250009480022,0.839654646463462,50,50,50,50,0,50,0,50,50,0,41.7279478199061,26.7190818766175,16.6071227085528,0,0,0,0,0,0,3.51068408499716,50,33.7861868452065,50,50,0,29.5938754286079,30,30,0,6.47967398748798,25.2782838494217,30,11.204051435144,30,0,30,30,8.17163784661728,12.2282524421048,30,14.8535673676649,30,30,7.64495300656752,30,0,30,30,30,27.8296141110244,30,30,0.3,0,0.0471757765289232,0,0,0,0,0,0,0.3,0.3,0.3,0.0043005448322221,0,0,0,0,0.0606907245324938,0,0,0,0.212236566518742,0.3,0,0,0,0.3,0,-43.5
"39",50,39.105979962973,15.7533118518791,2.22388374813015,50,50,50,50,0,50,0,50,50,0,49.1314802846454,24.9057975311446,13.1364690644379,0,0,0,0,0,0,2.87933579015605,50,38.0710199368876,50,50,0,29.243784755981,30,30,0,7.35796821180655,21.4420428424761,30,11.064793920516,30,0,30,30,5.95944820948339,10.8975876374832,30,13.3392441453411,29.4656037107722,30,9.25291006992789,30,0,30,30,30,29.035951323548,30,30,0.3,0,0.0389584790510144,0,0,0,0,0,0,0.3,0.3,0.3,0.00705651447184127,0,0,0,0,0.0242571496568468,0,0,0,0.234306976629069,0.3,0,0,0,0.3,0,-38.1
"40",50,37.9506596295621,16.4212978209981,1.91531037876848,50,50,50,50,0,50,0,50,50,0,48.620939934338,24.7049467493571,13.479575908465,0,0,0,0.592090503240046,0,0,2.9347838535672,50,37.6005872457102,50,50,0,29.2504092380322,30,30,0,7.36188761603374,21.3948562835754,30,10.8506686338105,30,0,30,30,5.6397292579435,10.8070103206704,30,13.2520839671911,28.9392021673825,30,9.46039177274685,30,0,30,30,30,28.7749817441272,30,30,0.299906946571582,0,0.0380017087589186,0,0,0,0,0,0,0.3,0.3,0.3,0.00802591593319151,0,0,0,0.000125334756832718,0.0271069036206505,0,0,0,0.236495751615111,0.3,0,0,0,0.3,0,-38.9
"41",50,31.072643222341,4.7297978608992,0.479516515977243,50,50,50,50,0,50,0,50,50,0,50,15.3395182303591,10.0549739900811,0,0,0,0,0,0,0.426197410846224,50,42.3266322115791,50,50,0,28.5765834503996,30,30,0,9.0735929311076,15.7990783355423,30,11.8483316688496,30,0,30,30,0,4.02311805535831,30,6.47311901002852,27.7192326406421,30,14.1141640446902,30,0,30,30,30,29.5103881540695,30,30,0.3,0,0.00114354413052535,0,0,0,0,0,0,0.3,0.3,0.3,0.0145430202620119,0,0,0,0,0,0,0,0,0.3,0.3,0,0,0,0.3,0,-47.2
"42",50,38.8641756736856,11.4684765357499,1.66634163598763,50,50,50,50,0,50,0,50,50,0,50,24.0367267443709,10.0185448182723,0,0,0,0,0,0,2.6991247314149,50,40.0104935646159,50,50,0,29.1099432067179,30,30,0,7.71617316708878,21.2558276957217,30,10.1298904048304,30,0,30,30,4.67521511808522,10.5778427941049,30,13.4542082507699,28.593825803055,30,10.3864179344119,30,0,30,30,30,30,30,30,0.3,0,0.0364213312964466,0,0,0,0,0,0,0.3,0.3,0.3,0.00908887285452671,0,0,0,0,0,0,0,0,0.239734891484058,0.3,0,0,0,0.3,0,-39.4
"43",50,40.9947068702883,17.7891149829762,2.21647608451204,50,50,50,50,0,50,0,50,50,0,49.721298657966,27.6460758283343,12.6715183053465,0,0,0,0,0,0,2.0463936786577,50,37.3825166891431,50,50,0,29.4226072884921,30,30,0,6.7215594885006,23.1292274952758,30,10.6412873187336,30,0,30,30,7.57974835777385,12.7608535380369,30,15.5368735081454,30,30,8.31074786085004,30,0,30,30,30,28.8797979565607,30,30,0.3,0,0.049865517701474,0,0,0,0,0,0,0.3,0.3,0.3,0.00737769796098304,0,0,0,0,0.0282898373972839,0,0,0,0.209139534123557,0.3,0,0,0,0.3,0,-40
"44",50,47.3953963492405,5.5892416680691,0,50,50,50,50,0,50,0,50,50,0,50,25.3215989637583,5.76789435859609,0,0,0,0,0,0,2.96812802575828,50,44.5864264585714,50,50,0,28.7310861731326,30,30,0,7.73013360534654,26.8997890659757,30,8.40420254957209,30,0,30,30,1.93585652310907,9.63303729845959,30,13.0885083810005,27.47069650077,30,12.0992403110586,30,0,30,30,30,29.2062008871725,30,30,0.3,0,0.0280343007127062,0,0,0,0,0,0,0.3,0.3,0.3,0.0146646352259322,0,0,0,0,0,0,0,0,0.256232137333357,0.3,0,0,0,0.3,0,-40.3
"45",50,39.700936429466,15.0170109924561,1.67359743691106,50,50,50,50,0,50,0,50,50,0,50,26.0614084138334,12.4576989340672,0,0,0,0,0,0,3.62469497541878,50,38.3905716477308,50,50,0,29.4250745074238,30,30,0,7.03469350823657,21.7258978055423,30,10.8772525301331,30,0,30,30,6.99225464776986,11.4892912023182,30,14.3551216148258,29.1760703429255,30,8.7569242902836,30,0,30,30,30,29.0569949392071,30,30,0.3,0,0.0428912525274613,0,0,0,0,0,0,0.3,0.3,0.3,0.00562789825582409,0,0,0,0,0.0251614164825357,0,0,0,0.220426617269934,0.3,0,0,0,0.3,0,-42
"46",50,27.9514111934318,0.639855471989723,0.376378604400388,50,50,50,50,0,50,0,50,50,0,50,15.5070949582347,10.8521242165284,0,0,0,0,0,0,0,50,41.1658605047813,50,50,0,29.0793257072189,30,30,0,10.9115564313068,14.530598688401,30,7.01200824926473,30,0,30,30,0,4.48823289964739,30,5.58339139819302,28.4664436123686,30,12.8258616888567,30,0,30,30,30,30,30,30,0.3,0,0.00631706777023953,0,0,0,0,0,0,0.3,0.3,0.3,0.0130135587290207,0,0,0,0,0,0,0,0,0.284661206041349,0.3,0,0,0,0.3,0,-47.4
"47",50,42.1309072365264,14.219808677417,3.13551212862134,50,50,50,50,0,50,0,50,50,0,50,23.5884112737175,14.5790987966088,0,0,0,0,0,0,1.97434347810535,50,38.8050716903202,50,50,0,29.1800026356073,30,30,0,7.88377375290796,20.3750804670811,30,12.4426434996547,30,0,30,30,5.59240892415364,9.30408272081626,30,12.3071203771253,29.0610867199453,30,9.25102432392974,30,0,30,30,30,27.8782191816327,30,30,0.3,0,0.0362269227852512,0,0,0,0,0,0,0.3,0.3,0.3,0.00708311590224221,0,0,0,0,0.0386393943132113,0,0,0,0.241269304775452,0.3,0,0,0,0.3,0,-39.6
"48",49.7825044576223,41.4047508425484,21.9059221510216,2.65957265872584,50,50,50,50,0,50,0,50,50,0,44.141101750752,28.1505164146484,15.144932073848,0,0,0,0,0,0,3.24445830228119,50,36.0471020142849,50,50,0,30,30,30,0.137510414660686,6.91651199485206,22.9234916627314,30,11.1149949146803,30,0,30,30,8.71893578231778,12.5188839462557,30,14.790290711276,29.3564367704446,30,7.61575757636296,30,0,30,30,30,28.6061547646582,30,30,0.3,0,0.0447421624354482,0,0,0,0,0,0,0.3,0.3,0.3,0.00514122388200202,0,0,0,0,0.0471786582736428,0,0,0,0.209192794899039,0.3,0,0,0.00584387703996577,0.3,0,-41.5
"49",50,30.0353696826749,0,2.55485585698983,50,50,50,50,0,50,0,50,50,0,50,18.4311827852658,9.02344173489291,0,0,0,0,0,0,0.305392263914769,50,45.1620024667259,50,50,0,29.0546641579031,30,30,0,10.6232458727597,15.7498813242272,30,12.5856014263895,30,0,30,30,0.237483434448735,5.28769342769364,30,8.54949583495336,26.6298708716685,30,12.4671627245048,30,0,30,30,30,29.8252734133764,30,30,0.3,0,0.0178717405067571,0,0,0,0,0,0,0.3,0.3,0.3,0.0129599648144756,0,0,0,0,0,0,0,0,0.28985672467503,0.3,0,0,0,0.3,0,-47.3
"50",50,39.1314993126805,17.1958097383484,1.55780528368798,50,50,50,50,0,50,0,50,50,0,45.6240695758882,24.0487556055864,13.030750954659,0,0,0,0,0,0,1.01591062412036,50,34.8223375303049,50,50,0,29.2970688760976,30,30,0,8.07151558795763,22.3685778925218,30,11.0142366844634,30,0,30,30,6.00567730757316,9.83348030047702,30,11.7422315536012,29.2102403962482,30,8.73953297171525,30,0,30,30,30,26.9569221368979,30,30,0.3,0,0.0369190570854515,0,0,0,0,0,0,0.3,0.3,0.3,0.00694303679370571,0,0,0,0.000295462999750252,0.025497401173728,0,0,0,0.234722845496282,0.3,0,0,0,0.3,0,-41.9
"51",50,44.221673659409,6.56708673476209,0,50,50,50,50,0,50,0,50,50,0,50,20.5933671837602,8.38676131478992,0,0,0,0,0,0,3.72452334385095,50,40.0016933824864,50,50,0,29.2327059851108,30,30,0,9.89447184196494,22.1842265225342,30,7.71875002475215,30,0,30,30,2.04840447138691,12.9793222070199,30,16.5271465952695,30,30,11.7582435966573,30,0,30,30,30,28.7635703239284,30,30,0.3,0,0.0233793705071117,0,0,0,0,0,0,0.3,0.3,0.3,0.010782214097584,0,0,0,0,0,0,0,0,0.213765049604982,0.3,0,0,0,0.3,0,-40.4
"52",50,39.2580870232789,11.0208434560801,2.18498706864523,50,50,50,50,0,50,0,50,50,0,50,24.0431222821337,10.4837355216845,0,0,0,0,0,0,2.95845776307439,50,39.9111657740838,50,50,0,29.1008302483591,30,30,0,8.12549450306556,20.8803181128832,30,10.5294726715478,30,0,30,30,4.57732455650494,10.1788432975652,30,13.1372297237599,29.2704289241036,30,10.2863403743581,30,0,30,30,30,29.5142004684656,30,30,0.3,0,0.0360321909921437,0,0,0,0,0,0,0.3,0.3,0.3,0.0106253923287955,0,0,0,0,0,0,0,0,0.243152705345822,0.3,0,0,0,0.3,0,-39.5
"53",50,38.3315040970132,17.139530691355,0.24027329944539,50,50,50,50,0,50,0,50,50,0,50,26.4555200605676,14.5412024963255,0,0,0,1.0082439677119,0,0,3.54642500463001,50,37.3007635158784,50,50,0,29.9341982909112,30,30,0,7.64647978625555,21.7953556784117,29.8655456194953,11.71131502868,30,0,30,30,7.27711121310215,11.4128822448931,30,14.193967521748,29.8074075456208,30,7.96440611744859,30,0,30,30,30,28.2551937442544,30,30,0.3,0,0.0478430672150336,0,0,0,0,0,0,0.3,0.3,0.3,0.00401363077453993,0,0,0,0,0.0359788974010834,0,0,0,0.218597220294854,0.3,0,0,0.00556791880441028,0.3,0,-42.3
"54",50,44.2982943013225,12.5524018058593,3.24184028029236,50,50,50,50,0,50,0,50,50,0,50,28.855324583914,12.4802663430477,0,0,0,0,0,0,4.0177369063681,50,40.7910570029254,50,50,0,30,30,30,0,8.02632396608044,22.8190644905308,30,10.0747338696116,30,0,30,30,7.68066496245076,13.7876359586671,30,17.2863295445426,28.5345693089869,30,7.33600909807163,30,0,30,30,30,30,30,30,0.3,0,0.0570786864409769,0,0,0,0,0,0,0.3,0.3,0.3,0.00509820737282665,0,0,0,0,0.00151297820271812,0,0,0,0.195016109251273,0.3,0,0,0,0.3,0,-40.2
"55",50,50,20.7184067331715,0,50,50,50,50,0,50,0,50,50,0,50,34.9312584123005,3.84403744250164,0,0,0,0,0,0,6.85818963387855,50,31.9443165986144,50,50,0,29.9273886780621,30,30,0,6.35043447413094,30,30,2.27200325011501,30,0,30,30,14.3469002640009,21.5173227211366,30,28.9647101079664,30,30,5.31344583190681,30,0,30,30,30,26.7621547698763,30,30,0.3,0,0.0619437598201659,0,0,0,0,0,0,0.3,0.3,0.3,0,0,0,0,0.00196555432758298,0,0,0,0,0.0846017176690021,0.3,0,0,0,0.3,0,-42.5
"56",48.8383998438461,32.8611173896449,21.1287343466014,6.39696846621913,50,50,50,49.7656569562804,0,50,0,50,50,0,37.7796735362766,24.6322556123687,20.6935080885552,0,0,0,11.4316797847395,0,0.0374319152228676,4.54594786322973,50,35.5922821955175,50,50,0,29.7149985575984,30,30,0,9.8576045165185,21.126911591189,30,14.6631970206759,30,0,30,30,6.23674127280257,10.9495136085631,30,11.4376359783574,28.7813732402043,30,8.61108014986718,30,0,29.6975009126542,30,30,29.1039429097563,29.1484002908037,30,0.299175194273779,0,0.0541408343296191,0,0,0,0,0.00249278319902521,0,0.3,0.3,0.3,0.005818934366173,0,0,0,0.00630807511432608,0.0830114928620454,0,0,0,0.222000708036832,0.3,0,0,0.0623657944758141,0.3,0,-44.7
"57",50,44.2755558275194,17.390514142447,1.01796753712479,50,50,50,50,0,50,0,50,50,0,50,28.2907717425593,10.878016381069,0,0,0,0,0,0,3.93674469081582,50,37.4214050190703,50,50,0,29.4813720512285,30,30,0,6.13925936840169,24.9344895659935,30,9.23827203667202,30,0,30,30,7.70245702936828,13.5575024771756,30,16.3949659784453,29.3469112608713,30,8.55753197587859,30,0,30,30,30,28.9903821749003,30,30,0.3,0,0.0466739134054898,0,0,0,0,0,0,0.3,0.3,0.3,0.00748918896791987,0,0,0,0.00026940938459238,0.0120441279725203,0,0,0,0.206500742005692,0.3,0,0,0,0.3,0,-40.6
"58",50,47.6093110817773,27.0853835488696,0.930756009738687,50,50,50,50,0,50,0,50,50,0,44.6226592496975,32.3491620937295,15.0313007113968,0,0,0,0,0,0,4.96900825596452,50,34.6512819890451,50,50,0,30,30,30,0,5.54349225120235,26.6675217567119,30,9.87600107216577,30,0,30,30,11.1393089681772,15.4210525890039,30,18.1093264791728,30,30,5.49665344338514,30,0,30,30,30,28.1598872510618,30,30,0.3,0,0.0568535258887973,0,0,0,0,0,0,0.3,0.3,0.3,0.00253158427909639,0,0,0,0,0.0599759814486675,0,0,0,0.175499206753752,0.3,0,0,0,0.3,0,-41.3
"59",50,47.5792473060635,21.3331762830734,0.362314928291413,50,50,50,50,0,50,0,50,50,0,49.576249754333,29.7471249423409,9.98084417946971,0,0,0,0,0,0,5.3648051602787,50,35.3364833346399,50,50,0,29.5922754647619,30,30,0,5.42173835912618,26.6351448042283,30,7.56165878236204,30,0,30,30,9.68425718041642,16.2199638586159,30,18.1820768258284,29.8774777453197,30,8.48672602300532,30,0,30,30,30,27.829359300095,30,30,0.3,0,0.0621852150942522,0,0,0,0,0,0,0.3,0.3,0.3,0.00565279168951011,0,0,0,0,0.0203839723717433,0,0,0,0.178528361974462,0.3,0,0,0,0.3,0,-41.8
"60",50,40.1015854273178,12.8577086950936,2.31857744420674,50,50,50,50,0,50,0,50,50,0,50,26.6451503460945,10.6942338898962,0,0,0,0,0,0,3.31183145883634,50,40.9708180195033,50,50,0,29.3153149642929,30,30,0,6.62335241399058,22.6200069264619,30,9.28186850193968,30,0,30,30,4.78036951260083,11.0751819625518,30,13.979813982253,28.893469077015,30,9.61837531502845,30,0,30,30,30,30,30,30,0.3,0,0.0442802852925153,0,0,0,0,0,0,0.3,0.3,0.3,0.00867816916800849,0,0,0,0,0,0,0,0,0.235663576669584,0.3,0,0,0,0.3,0,-39.7
