"","accuracy","NA","NA","NA","NA","NA","NA","NA","NA","NA","NA","NA","NA","NA","NA","NA","NA","NA","NA","NA","NA","NA","NA","NA","NA","NA","NA","NA","NA","NA","NA","NA","NA","NA","NA","NA","NA","NA","NA","NA","NA","NA","NA","NA","NA","NA","NA","NA","NA","NA","NA","NA","NA","NA","NA","NA","NA","NA","NA","NA","NA","NA","NA","NA","NA","NA","NA","NA","NA","NA","NA","NA","NA","NA","NA","NA","NA","NA","NA","NA","NA","NA","NA","NA","NA"
"1",50,37.3925085662512,4.23803126529875,4.61052144410918,50,50,50,50,0,50,0,50,50,0,50,18.4271728325703,14.1857061148147,0,0,0,0,0,0,1.70066759018678,50,44.8341024090038,50,50,0,29.8279908417501,30,30,0,8.38607151571798,17.5747614077333,30,13.2869344155603,30,0,30,30,5.01037762465169,6.83965579395486,30,10.730480671184,26.9447905624516,30,10.5679681833257,30,0,30,30,30,29.2042392073748,30,30,0.3,0,0.0353804899349274,0,0,0,0,0,0,0.3,0.3,0.3,0.014707484642921,0,0,0,0,0.0137669997540188,0,0,0,0.260507243316526,0.3,0,0,0,0.3,0,-41.2
"2",50,42.9644222221362,15.4043829983416,3.26412729886027,50,50,50,50,0,50,0,50,50,0,43.4535155228252,22.1107736620531,13.5322438101351,0,0,0,0,0,0,3.11579472003465,50,39.7463303842662,50,50,0,29.6959091461732,30,30,0,7.57084768949962,23.3596624283743,30,6.19277826325311,30,0,30,30,7.69686189671144,11.745965959039,30,17.8372363080024,28.1853924619925,30,10.6299336771304,30,0,30,30,30,27.7380854766848,30,30,0.3,0,0.0742521660763107,0,0,0,0,0,0,0.3,0.3,0.3,0.010622977210595,0,0,0,0,0.0350374956976558,0,0,0,0.204753305420274,0.3,0,0,0,0.3,0,-39.2
"3",50,41.715940910839,7.14956167461,4.30811792773766,50,50,50,50,0,50,0,50,50,0,50,23.7466938929284,11.057861242271,0,0,0,0,0,0,3.40780878104787,50,42.7380761032104,50,50,0,29.7188785176312,30,30,0,7.93260619234389,21.4063181589502,30,11.0655055843719,30,0,30,30,6.78063864329359,10.8244457809653,30,15.1886672694635,27.704079499978,30,9.29439117513853,30,0,30,30,30,29.2755142426491,30,30,0.3,0,0.0564580478826279,0,0,0,0,0,0,0.3,0.3,0.3,0.0116399659521751,0,0,0,0,0,0,0,0,0.214824597884785,0.3,0,0,0,0.3,0,-37.5
"4",50,37.1443880986044,9.39810066273887,3.76519670188052,50,50,50,50,0,50,0,50,50,0,50,22.4998544789944,12.6946095068352,0,0,0,0,0,0,2.16308054992044,50,41.0919540026737,50,50,0,29.5402393077907,30,30,0,8.52930141735583,19.1423213482966,30,11.6166711664448,30,0,30,30,5.11258938321234,9.16181753713482,30,12.63178183286,28.066555992741,30,9.55076262699006,30,0,30,30,30,29.139398011399,30,30,0.3,0,0.0391780859115407,0,0,0,0,0,0,0.3,0.3,0.3,0.01217035136721,0,0,0,0,0.0126659788182606,0,0,0,0.243013937317319,0.3,0,0,0,0.3,0,-41.1
"5",50,48.787469645664,22.1320875063388,4.85128911245224,50,50,50,50,0,50,0,50,50,0,50,31.5786354544527,16.032132993068,0,0,0,0,0,0,6.12093473538028,50,36.2278906880766,50,50,0,30,30,30,0,5.71850248332176,27.1773880534716,30,10.6700263402944,30,0,30,30,13.3575208027859,16.580695392453,30,20.6039507421842,28.6646125385175,30,5.78824225420019,30,0,30,30,30,28.161213147947,30,30,0.3,0,0.0852181804504725,0,0,0,0,0,0,0.3,0.3,0.3,0.00561310729395054,0,0,0,0,0.0206372726121975,0,0,0,0.151349123138953,0.3,0,0,0,0.3,0,-40
"6",50,35.7838350321655,0.496802612014944,2.75018343369893,50,50,50,50,0,50,0,50,50,0,50,19.5896117232099,9.91092501519459,0,0,0,0,0,0,3.03728866620319,50,44.1448023715022,50,50,0,29.415078537251,30,30,0,8.1878580285164,17.9020340612206,30,12.5788466266511,30,0,30,30,3.40450473540122,8.33178284403734,30,12.7289279723897,27.2076956755731,30,10.9235083727121,30,0,30,30,30,29.792705300118,30,30,0.3,0,0.0453841198463543,0,0,0,0,0,0,0.3,0.3,0.3,0.0145426141250764,0,0,0,0,0,0,0,0,0.246603628293306,0.3,0,0,0,0.3,0,-41.8
"7",50,45.7595468543698,0,5.44460689060701,50,50,50,50,0,50,0,50,50,0,50,22.309408040811,7.63038751306898,0,0,0,0,0,0,5.58590292164713,50,48.5302767631045,50,50,0,29.6276741101661,30,30,0,9.32454296473137,22.9291937804204,30,10.1778453505137,30,0,30,30,6.86510225325329,12.2602654784196,30,17.787602727598,26.9503010480618,30,10.3232385979053,30,0,30,30,30,30,30,30,0.3,0,0.0610785503965034,0,0,0,0,0,0,0.3,0.3,0.3,0.0138373199005309,0,0,0,0,0,0,0,0,0.195295735028119,0.3,0,0,0,0.3,0,-40.4
"8",50,38.7313955344879,5.954555576727,4.79479693368645,50,50,50,50,0,50,0,50,50,0,50,20.0858289569634,12.2597051962866,0,0,0,0,0,0,3.35682280855173,50,43.7353191065657,50,50,0,29.6038093938154,30,30,0,7.81358718378251,19.423460615823,30,11.9816882044868,30,0,30,30,4.91611355527584,8.76990239744068,30,13.0565476266649,27.3966809419481,30,9.76921930406974,30,0,30,30,30,30,30,30,0.3,0,0.0566347167640648,0,0,0,0,0,0,0.3,0.3,0.3,0.0127121516208222,0,0,0,0,0.0128923590511404,0,0,0,0.234728948979248,0.3,0,0,0,0.3,0,-38.1
"9",50,43.7854568923755,3.52004962612543,3.23273519781833,50,50,50,50,0,50,0,50,50,0,50,23.8446133478039,8.61901124976236,0,0,0,0,0,0,2.22166420129468,50,46.6832523365419,50,50,0,29.6911506372413,30,30,0,8.06085703951056,20.1461923845247,30,11.0186817400314,30,0,30,30,6.66896741038602,10.2548173718103,30,15.4217265596889,26.93597578719,30,8.54495207136151,30,0,30,30,30,29.6243384755425,30,30,0.3,0,0.0472817749848324,0,0,0,0,0,0,0.3,0.3,0.3,0.0142558157129736,0,0,0,0,0,0,0,0,0.210165101796158,0.3,0,0,0,0.3,0,-41.1
"10",50,38.2718057514661,13.6746562265868,5.4500134484054,50,50,50,50,0,50,0,50,50,0,41.9597471802278,23.9059815275795,16.9571334809365,0,0,0,0,0,0,2.86941174032501,50,39.8272203926174,50,50,0,29.9586273515005,30,30,0,8.35368718766408,20.1173987959134,30,13.9930977578165,30,0,30,30,8.0834542879864,9.58402732420612,30,13.8709726620953,27.4975585213634,30,7.1578305678515,30,0,30,30,30,28.2672256010829,30,30,0.3,0,0.0601478667735713,0,0,0,0,0,0,0.3,0.3,0.3,0.0102137562134765,0,0,0,0.000234196551400844,0.0520359863474059,0,0,0,0.219646159723303,0.3,0,0,0,0.3,0,-37.6
"11",50,50,21.6223610762413,3.91862791616476,50,50,50,50,0,50,0,50,50,0,50,31.9798788000866,15.4984463771815,0,0,0,0,0,0,4.79914597646272,50,39.0533368783448,50,50,0,30,30,30,0,4.47435817205669,26.7650629481384,30,11.0814450583883,30,0,30,30,13.6227464210415,15.5076751472394,30,19.7014525543681,28.9727721367704,30,4.48587926752914,30,0,30,30,30,28.7823844956029,30,30,0.3,0,0.0691765753812821,0,0,0,0,0,0,0.3,0.3,0.3,0.00370511015084199,0,0,0,0,0.0351126331078696,0,0,0,0.145365079953048,0.3,0,0,0,0.3,0,-39.8
"12",50,46.7085616424581,13.0694023729328,4.99758151698241,50,50,50,50,0,50,0,50,50,0,50,27.8792636285032,11.6770869210527,0,0,0,0,0,0,5.59539745395567,50,44.2664985410012,50,50,0,29.8767637959613,30,30,0,7.7001734068861,25.1891787138365,30,11.9973952122611,30,0,30,30,11.9807018601533,13.9299051256479,30,19.2253988280962,29.2517800132714,30,6.86083673733067,30,0,30,30,30,29.6934188654677,30,30,0.3,0,0.0874770363649906,0,0,0,0,0,0,0.3,0.3,0.3,0.00655861600962691,0,0,0,0,0.0241015064133521,0,0,0,0.17086039255915,0.3,0,0,0,0.3,0,-40.3
"13",50,50,22.4155825899441,3.80697782961401,50,50,50,50,0,50,0,50,50,0,48.2829963433615,32.8373475079578,12.8171780456073,0,0,0,0.175969675626304,0,0,5.68394860634314,50,37.5203064496705,50,50,0,30,30,30,0,4.90797312944599,26.7817801264198,30,10.5971794902345,30,0,30,30,15.9704738631323,15.9373913560946,30,22.0181943280073,28.9520215086383,30,3.93241560992217,30,0,30,30,30,28.9778735859194,30,30,0.299957836719858,0,0.0849514750201518,0,0,0,0,0,0,0.3,0.3,0.3,0.00330232558612063,0,0,0,0,0.0442864929700146,0,0,0,0.141705707283213,0.3,0,0,0.000752912131601932,0.3,0,-40.8
"14",50,50,39.1551096108262,1.49254091539139,50,50,50,50,0,50,0,50,50,0,35.7688196915378,36.5016613401282,16.9712975300312,0,0,0,0.48450108485829,0,0,8.70420378744502,50,27.9347965570814,50,50,0,30,30,30,0,3.02754752725074,30,30,7.07793412603073,30,0,30,30,15.7271435215785,21.1296840611613,30,23.2030317360396,30,30,4.76843240147022,30,0,30,30,30,25.1491787884268,30,30,0.3,0,0.083566815992652,0,0,0,0,0,0,0.3,0.3,0.3,0,0,0,0,0,0.0953548993188879,0,0,0,0.127606114484943,0.3,0,0,0,0.3,0,-43.5
"15",50,46.996903953571,24.26367018656,2.74936881910428,50,50,50,50,0,50,0,50,50,0,45.8281745384786,32.8005316202101,13.4054733351713,0,0,0,1.47801687664192,0,0,5.65414277685809,50,36.2562387140612,50,50,0,29.9107570802331,30,30,0,6.02957061494291,26.5565125052838,30,8.69425687849688,30,0,30,30,11.5348336556379,16.1512628001934,30,20.1649208885585,29.0794792594406,30,5.90138092624384,30,0,30,30,30,28.1705136310629,30,30,0.3,0,0.0676339198936033,0,0,0,0,0,0,0.3,0.299689155889378,0.3,0.00465755938963939,0,0,0,0,0.0354791808723244,0,0.000192667200477059,0,0.153321389629724,0.3,0,0,0,0.299964944587048,0,-41.5
"16",50,39.7674561672122,5.34387130664933,5.07176351906999,50,50,50,50,0,50,0,50,50,0,50,21.6096010266521,11.549678757491,0,0,0,0,0,0,2.74969124759175,50,43.1100737960823,50,50,0,29.6053710229548,30,30,0,8.59228006825098,20.2711068474122,30,11.6019672731903,30,0,30,30,6.42656857879548,9.74217153123208,30,14.0918551476184,27.4225165352435,30,9.57784283641228,30,0,30,30,30,29.5068676390993,30,30,0.3,0,0.0528488546433708,0,0,0,0,0,0,0.3,0.3,0.3,0.0127689051742677,0,0,0,0,0,0,0,0,0.22704547271677,0.3,0,0,0,0.3,0,-37.5
"17",50,37.3444044654335,11.868870011028,1.65596714385698,50,50,50,50,0,50,0,50,50,0,50,25.0017519853272,13.1348003358105,0,0,0,0,0,0,2.36325918533832,50,39.1435203548326,50,50,0,29.435869302746,30,30,0,8.15898013914717,20.6462169600351,30,11.7526756139122,30,0,30,30,5.44219675171391,9.51592789725379,30,12.4288788016416,28.6420036685759,30,9.13246467346141,30,0,30,30,30,29.4438633483759,30,30,0.3,0,0.0359369677382348,0,0,0,0,0,0,0.3,0.3,0.3,0.00770816181349047,0,0,0,0,0.00872999313641082,0,0,0,0.232592232201241,0.3,0,0,0,0.3,0,-40.8
"18",50,32.2816829328554,18.5800777368793,8.5300573950995,49.8685287595673,50,50,50,0,50,0,50,50,0,42.4962021223804,22.0992411897244,22.4377915530686,0,0,0,9.87654592331941,0,0.251225464478752,0.568154740848475,50,34.5356880464992,50,50,0,27.8069734178346,30,30,0,7.52562810718859,19.1572376022629,30,14.660602357298,30,0,30,30,8.05978661366487,9.87670972932934,30,12.256654901369,29.052187616471,30,7.5783524984477,30,0,30,30,30,27.4755509889444,30,30,0.3,0,0.0616591671908105,0,0,0,0,0,0,0.297231884962116,0.3,0.3,0.00498012825378079,0,0,0.00355557139610817,0,0.0869704344903128,0,0.017705579024745,0,0.214511805317731,0.3,0,0,0.0305744934251492,0.3,0,-47.7
"19",50,42.033960976954,18.733907529699,1.88459112792547,50,50,50,50,0,50,0,50,50,0,47.8579621759552,27.3623518741434,13.5138140310972,0,0,0,0,0,0,3.2005519256812,50,37.3433745710973,50,50,0,29.9077558613726,30,30,0,6.16395154285879,23.3535729295092,30,10.5506791350444,30,0,30,30,7.41553403372484,12.7727421477997,30,15.4182352617615,29.3176509501052,30,8.30585922607435,30,0,30,30,30,29.1428461999737,30,30,0.3,0,0.0465343894010666,0,0,0,0,0,0,0.3,0.3,0.3,0.00590377225250809,0,0,0,0,0.0276420854978048,0,0,0,0.210731861903786,0.3,0,0,0,0.3,0,-41.7
"20",50,50,37.4908160674972,1.86744761576525,50,50,50,50,0,50,0,50,50,0,47.280467896157,33.8880755666781,9.77515001391996,0,0,0,0,0,0,4.98145167635324,50,25.6637616445398,50,50,0,30,30,30,0,0.706376946112374,27.8162830999938,30,7.74802490915518,30,0,30,30,20.9753511404185,13.8324632503594,30,22.4350891682909,28.8989222371087,30,8.7991061712287,30,0,30,30,30,27.0215750044666,30,30,0.3,0,0.0392716846015637,0,0,0,0,0,0,0.3,0.3,0.3,0.00233888404673023,0,0,0,0,0.079040804200399,0,0,0,0.198838022064588,0.3,0,0,0,0.3,0,-43.9
"21",50,43.0319971085686,11.818087367689,4.5619442237929,50,50,50,50,0,50,0,50,50,0,50,25.3503624171433,13.4588396837051,0,0,0,0,0,0,3.89654700435527,50,41.1495459388528,50,50,0,30,30,30,0,7.10845998706645,22.5059061655465,30,11.5111521124624,30,0,30,30,8.96039076569092,12.0377184211582,30,16.3314471279363,28.202455564222,30,7.88363691661062,30,0,30,30,30,28.9703475806342,30,30,0.3,0,0.0620328676402559,0,0,0,0,0,0,0.3,0.3,0.3,0.00975940068649545,0,0,0,0,0.0146344762019831,0,0,0,0.198837767273154,0.3,0,0,0,0.3,0,-38.9
"22",50,44.2014589747195,8.42613714357643,2.7236133442298,50,50,50,50,0,50,0,50,50,0,39.9619977754838,31.3179637623962,18.5529069126619,0,0,0,0,0,0,1.78964694045447,50,34.0976907732067,50,50,0,29.9562720767293,30,30,0,2.59282042531973,23.6122308811101,30,6.30037847980586,30,0,30,30,0.553316034385285,10.0966111166727,30,15.5081514636724,29.3454244674946,30,5.41224007002921,30,0,30,30,30,30,30,30,0.3,0,0,0,0,0,0,0,0,0.3,0.3,0.3,0.0046232864742269,0,0,0,0,0.0448688623471821,0,0,0,0.288725047030948,0.3,0,0,0,0.3,0,-44.6
"23",50,35.6226039475786,4.23543396597374,3.9310888671394,50,50,50,50,0,50,0,50,50,0,50,20.6179638980665,10.7144745108169,0,0,0,0,0,0,1.60437142988193,50,41.8567005653295,50,50,0,29.2950726923931,30,30,0,10.1157208319562,18.3467598461336,30,12.2360071129625,30,0,30,30,6.01714850007679,9.13770474560316,30,12.4353607043399,27.6374071016209,30,9.25344666251968,30,0,30,30,30,30,30,30,0.3,0,0.0420541994473082,0,0,0,0,0,0,0.3,0.3,0.3,0.0121692573618256,0,0,0,0,0,0,0,0,0.238028038540876,0.3,0,0,0,0.3,0,-40.7
"24",50,44.3573713419941,16.2681380395888,3.20714610092815,50,50,50,50,0,50,0,50,50,0,50,26.8898205355576,13.6962887651936,0,0,0,0,0,0,4.51801197881242,50,38.9626369346136,50,50,0,29.9388418253652,30,30,0,6.50503232693706,23.8962949137642,30,10.4412983126896,30,0,30,30,9.19243939287041,13.3981451102878,30,17.1563669889262,28.3903190989733,30,7.64900190521979,30,0,30,30,30,28.4749496964673,30,30,0.3,0,0.0618289847363278,0,0,0,0,0,0,0.3,0.3,0.3,0.00771714747227315,0,0,0,0,0.0252157298546243,0,0,0,0.190779955149224,0.3,0,0,0,0.3,0,-36.9
"25",50,43.7189403778054,16.067820171358,2.00481304353807,50,50,50,50,0,50,0,50,50,0,50,28.0445633926989,12.4094920570422,0,0,0,0,0,0,2.31931270585452,50,38.932516111143,50,50,0,29.4708523493253,30,30,0,7.14358286254323,23.9851192220184,30,10.7266238004415,30,0,30,30,6.92136064992716,11.9020842149239,30,15.490642513726,28.1164152150516,30,8.11320235279569,30,0,30,30,30,28.5892956414141,30,30,0.3,0,0.0379597599582093,0,0,0,0,0,0,0.3,0.3,0.3,0.00857698590780771,0,0,0,0,0.0251641556471725,0,0,0,0.235619560457337,0.3,0,0,0,0.3,0,-39.5
"26",50,47.4877438684225,2.03009486081762,5.64100473805616,50,50,50,50,0,50,0,50,50,0,50,27.1627174896917,9.78496878078198,0,0,0,0,0,0,3.86952601067816,50,46.7864433590962,50,50,0,30,30,30,0,7.83310112508716,23.1897866980025,30,12.0689857858901,30,0,30,30,10.0074115899483,12.6905432177117,30,18.9168439778295,27.3212891952833,30,7.57191911817355,30,0,30,30,30,30,30,30,0.3,0,0.0771556417062075,0,0,0,0,0,0,0.3,0.3,0.3,0.0121071730144905,0,0,0,0,0,0,0,0,0.167507698150682,0.3,0,0,0,0.3,0,-38.6
"27",50,37.0298950766467,15.6903075421557,3.34288749459952,50,50,50,50,0,50,0,50,50,0,47.6395823233836,25.9150393818713,12.9793415065058,0,0,0,0,0,0,3.51541688744185,50,39.1238443560893,50,50,0,29.4768176944356,30,30,0,6.81011461462004,20.4795969838041,30,10.6407048907393,30,0,30,30,7.91647349411001,12.4685306617786,30,15.8398444949084,29.0123433828906,30,8.39475683359312,30,0,30,30,30,29.4414673011744,30,30,0.3,0,0.0521248758935477,0,0,0,0,0,0,0.3,0.3,0.3,0.00747681155495263,0,0,0,0,0.0261134321546977,0,0,0,0.212034552216481,0.3,0,0,0,0.3,0,-39
"28",50,50,14.1838591492308,4.00340892102592,50,50,50,50,0,50,0,50,50,0,50,33.2219929567562,13.267929410582,0,0,0,0,0,0,5.29270398542963,50,41.4935702215626,50,50,0,30,30,30,0,6.23804023217978,27.2734512161685,30,11.6946321288746,30,0,30,30,14.5385959945567,15.0931682009788,30,21.0628134800294,27.8681982965448,30,6.1090454552543,30,0,30,30,30,28.8074825641178,30,30,0.3,0,0.0750548189634037,0,0,0,0,0,0,0.3,0.3,0.3,0.00730868199065822,0,0,0,0,0.0283402914648831,0,0,0,0.137438510130716,0.3,0,0,0,0.3,0,-37.6
"29",50,45.4948209461549,17.5775725630302,7.01029401344731,50,50,50,50,0,50,0,50,50,0,50,32.5262157357745,12.0741475774508,0,0,0,0,0,0,5.74265723862469,50,43.9101413795327,50,50,0,30,30,30,0,6.15618557693341,24.3170792532723,30,11.2144592505598,30,0,30,30,11.8935936370161,16.1286640035836,30,21.1190806138856,27.267743761602,30,4.96202207868394,30,0,30,30,30,28.4051364711088,30,30,0.3,0,0.0829725705306439,0,0,0,0,0,0,0.3,0.3,0.3,0.00984291757789692,0,0,0,0,0.0129531270613515,0,0,0,0.146326962256305,0.3,0,0,0,0.3,0,-39.7
"30",50,37.3888293287444,0.106582005078078,4.19165259625804,50,50,50,50,0,50,0,50,50,0,50,18.816180030673,11.3724605981547,0,0,0,0,0,0,0.403768217303924,50,46.7952132916692,50,50,0,29.6456568468931,30,30,0,9.14172747529853,17.9482847095783,30,12.4234590993164,30,0,30,30,4.06668469542173,7.19987588506105,30,11.7511795778791,26.9121796692408,30,10.1284197097889,30,0,30,30,30,29.9838122557399,30,30,0.3,0,0.0391620223703754,0,0,0,0,0,0,0.3,0.3,0.3,0.0153961846637581,0,0,0,0,0,0,0,0,0.251602589014984,0.3,0,0,0,0.3,0,-42
"31",50,39.3251395208984,12.0303781189242,2.97383167813754,50,50,50,50,0,50,0,50,50,0,50,23.6964145216966,12.1977185536335,0,0,0,0,0,0,3.1002367307115,50,40.361335309309,50,50,0,29.4715731904815,30,30,0,7.5045117649494,21.1350266096924,30,11.0240762898939,30,0,30,30,4.42569051512676,10.6961599347106,30,13.9703280810689,28.2035754634473,30,9.53096677973704,30,0,30,30,30,29.1435293549279,30,30,0.3,0,0.0458588033767037,0,0,0,0,0,0,0.3,0.3,0.3,0.00983304461000108,0,0,0,0,0.00249111557583045,0,0,0,0.250412249747412,0.3,0,0,0,0.3,0,-39.6
"32",50,40.9737259221135,18.9436164143528,4.15273012803978,50,50,50,50,0,50,0,50,50,0,44.9010879263501,28.7722459919364,18.1695981645383,0,0,0,0,0,0,3.82155724994602,50,38.7442440110869,50,50,0,29.79891970406,30,30,0,6.34859804228758,22.815527342283,30,13.3762881676772,30,0,30,30,11.9433155873669,13.2383413682572,30,15.9563630758106,27.6128490846697,30,5.57077939883075,30,0,30,30,30,28.5666076650019,30,30,0.3,0,0.0642127973587234,0,0,0,0,0,0,0.3,0.3,0.3,0.00705683423547952,0,0,0,0,0.0680149484000371,0,0,0,0.18516618369336,0.3,0,0,0,0.3,0,-38.7
"33",50,38.0122752376319,6.8774561111582,2.94951637114725,50,50,50,50,0,50,0,50,50,0,50,24.0561276070851,12.9595536463596,0,0,0,0,0,0,1.93562897355733,50,41.2569514625599,50,50,0,29.3615728984846,30,30,0,8.53990670351923,20.2317357170563,30,11.756312029088,30,0,30,30,3.75174711306152,8.82253799585596,30,12.1793056921402,28.1824347967281,30,9.70662934060783,30,0,30,30,30,29.1272151089769,30,30,0.3,0,0.0323481327574846,0,0,0,0,0,0,0.3,0.3,0.3,0.0100091726235744,0,0,0,0,0.00167645225423832,0,0,0,0.24816536205126,0.3,0,0,0,0.3,0,-40.3
"34",50,45.0746164753543,16.5666472169176,4.0662530830077,50,50,50,50,0,50,0,50,50,0,50,27.6987301338159,14.9302307986163,0,0,0,0,0,0,5.13400042312835,50,38.2569759331574,50,50,0,29.9648551350386,30,30,0,6.88065831046966,24.6078194730625,30,10.9549246914132,30,0,30,30,10.9714136207908,14.8843700399653,30,18.5307687968699,28.5676628274156,30,7.03102719514593,30,0,30,30,30,28.6547265710527,30,30,0.3,0,0.0666554365327549,0,0,0,0,0,0,0.3,0.3,0.3,0.00769136448216783,0,0,0,0,0.0139426659506668,0,0,0,0.186623163363936,0.3,0,0,0,0.3,0,-38.9
"35",49.9891873780491,46.756839794035,24.7750503900307,2.77854871767358,50,50,50,50,0,50,0,50,50,0,42.9838823810197,31.3780442832659,14.9278693226128,0,0,0,0.178514054191645,0,0,5.17321648606706,50,34.3113275681737,50,50,0,29.9234699823331,29.9894729789156,30,0.0415327524778512,5.24427021230775,26.2643412436854,30,9.21482631461742,30,0,30,30,11.5239045473119,16.0535614849509,30,18.9661570686115,29.1327393846869,30,6.41582379204099,29.971483831487,0,29.9763492492581,30,30,27.917169267265,29.9864783018295,30,0.3,0,0.0634849226678472,0.000118520887330983,0,0,0,0,0,0.3,0.3,0.3,0.00427509771661362,0,0,0,0.00133389046957161,0.0562363958366728,0,0,0,0.173645121519715,0.3,0,0,0,0.3,0,-40.4
"36",50,46.2496562341855,13.6752533790456,2.10267187719842,50,50,50,50,0,50,0,50,50,0,50,25.4883327071043,7.91434995815909,0,0,0,0,0,0,4.04137959686818,50,38.1140935824034,50,50,0,30,30,30,0,4.3523655334686,23.4153650931123,30,4.99657123338811,30,0,30,30,6.80587853147833,15.8139003405105,30,22.1710066147463,27.0805516502789,30,8.28178323473207,30,0,30,30,30,30,30,30,0.3,0,0.073144752955741,0,0,0,0,0,0,0.3,0.3,0.3,0.00947215010601284,0,0,0,0,0,0,0,0,0.183907218200084,0.3,0,0,0,0.3,0,-39
"37",50,45.4429353577894,15.9992752625786,1.93516658003806,50,50,50,50,0,50,0,50,50,0,50,31.5416628792351,12.7538398011435,0,0,0,0,0,0,5.70283647085302,50,41.1541442923692,50,50,0,30,30,30,0,6.17990062792129,24.886857894549,30,11.6604138621499,30,0,30,30,11.2238866263925,13.889888050114,30,18.1255441545165,28.3400225517772,30,7.11322787641282,30,0,30,30,30,29.433189418995,30,30,0.3,0,0.0596780279529168,0,0,0,0,0,0,0.3,0.3,0.3,0.00656157683131782,0,0,0,0,0.0167288117091613,0,0,0,0.168814705067439,0.3,0,0,0,0.3,0,-39.9
"38",50,39.4802542654135,5.79107792236892,4.70161509876046,50,50,50,50,0,50,0,50,50,0,50,22.1732873889191,11.685603832911,0,0,0,1.13132183236596,0,0,3.06574075501531,50,43.3063002527713,50,50,0,29.6493709914954,30,30,0,8.28271432971035,19.4435188205013,30,11.556514885611,30,0,30,30,5.92100233762535,9.82616502967188,30,13.9912041459585,27.9389378314307,30,9.78453829672116,30,0,30,30,30,29.3045881288925,30,30,0.3,0,0.0516485095689383,0,0,0,0,0,0,0.3,0.3,0.3,0.0126671060348918,0,0,0,0,0,0,0,0,0.229767357466288,0.3,0,0,0,0.3,0,-39.5
"39",50,35.7252167863359,5.15567110648182,2.95300599346848,50,50,50,50,0,50,0,50,50,0,50,17.7384368927045,12.3394324014966,0,0,0,0,0,0,1.71536727398377,50,42.1709232008184,50,50,0,29.3971394301763,30,30,0,8.55776372132086,17.6814741602289,30,11.7762536142187,30,0,30,30,2.40140020095854,7.99733114020548,30,10.9406789165284,27.6899273077708,30,11.4156650081065,30,0,30,30,30,28.6847152761703,30,30,0.3,0,0.0318252703341267,0,0,0,0,0,0,0.3,0.3,0.3,0.0140944452419865,0,0,0,0,0,0,0,0,0.268410142514267,0.3,0,0,0,0.3,0,-41.4
"40",50,41.4733065714961,12.8314341970294,3.85835484918657,50,50,50,50,0,50,0,50,50,0,50,25.658365327567,13.4622898458933,0,0,0,0,0,0,3.55914336722404,50,40.3002990579175,50,50,0,29.8225244852073,30,30,0,7.25782397046922,22.2822269514566,30,11.6179511453757,30,0,30,30,8.63344614754159,11.9139200332722,30,15.7265693048176,28.2324142703463,30,7.85962927404996,30,0,30,30,30,28.9357312809597,30,30,0.3,0,0.0585896480165219,0,0,0,0,0,0,0.3,0.3,0.3,0.00923931980158856,0,0,0,0,0,0,0,0,0.205510566427222,0.3,0,0,0,0.3,0,-38
"41",50,50,19.802038702524,7.2875277610153,50,50,50,50,0,50,0,50,50,0,50,36.9026045904333,15.2377203470879,0,0,0,0,0,0,7.34559774712992,50,39.0615889785178,50,50,0,30,30,30,0,5.3770337924407,29.6962119764017,30,10.2494080674702,30,0,30,30,16.3837089011577,20.6831864947104,30,26.2995566606628,28.5486209123262,30,1.93371086935397,30,0,30,30,30,28.5500019949811,30,30,0.3,0,0.118218653390498,0,0,0,0,0,0,0.3,0.3,0.3,0.00407958062481598,0,0,0,0,0.0292560227088433,0,0,0,0.114040228731074,0.3,0,0,0,0.3,0,-41.6
"42",50,47.7568488501949,15.0992481812096,4.91284415351821,50,50,50,50,0,50,0,50,50,0,50,29.6537742809337,14.4890546540625,0,0,0,0,0,0,5.10112069431158,50,40.3366666309775,50,50,0,30,30,30,0,6.4873781094271,25.0803140079468,30,11.4210787949523,30,0,30,30,12.2998185662828,14.6537618603728,30,19.5073910646915,27.3588774183093,30,5.66249865294484,30,0,30,30,30,27.8477672191527,30,30,0.3,0,0.0785339891063884,0,0,0,0,0,0,0.3,0.3,0.3,0.00962591773653612,0,0,0,0,0.0377876946132113,0,0,0,0.158835138371731,0.3,0,0,0,0.3,0,-38.3
"43",50,35.7791210496661,0,4.13367098136671,50,50,50,50,0,50,0,50,50,0,50,21.869540219687,6.56744702869731,0,0,0,0,0,0,4.84634060585655,50,45.3045923991415,50,50,0,29.3406424563954,30,30,0,11.2630081665398,18.0680230986528,30,12.6203428140321,30,0,30,30,2.87564386347794,10.3730880696715,30,15.3309357407463,29.1887377375891,30,11.3204207749889,30,0,30,30,30,30,30,30,0.3,0,0.0657848533039087,0,0,0,0,0,0,0.3,0.3,0.3,0.0140032744702122,0,0,0,0,0,0,0,0,0.216031159598647,0.3,0,0,0,0.3,0,-40.6
"44",50,33.6061967826863,7.10406421749238,3.63503025482707,50,50,50,50,0,50,0,50,50,0,50,20.3637734286085,18.1470680840337,0,0,0,0,0,0,2.3310401460319,50,43.9706700883536,50,50,0,30,30,30,0,6.90423655252514,13.9949834169179,30,17.0388337308896,30,0,30,30,7.67695447163468,7.77946601498774,30,12.3290106644862,27.7355167109065,30,7.37830925323891,30,0,30,30,30,29.564217418967,30,30,0.3,0,0.0610996657301153,0,0,0,0,0,0,0.3,0.3,0.3,0.010191117059826,0,0,0,0,0.00301904905739266,0,0,0,0.236797046886932,0.3,0,0,0,0.3,0,-39.1
"45",50,35.6862892767022,5.4178184693715,3.38777959812783,50,50,50,50,0,50,0,50,50,0,50,21.1971000113396,11.3089953305244,0,0,0,0,0,0,2.007443881507,50,42.490490991167,50,50,0,29.2756391755983,30,30,0,8.79640415803898,18.4162046098332,30,12.0292576567299,30,0,30,30,3.92621733596459,8.32077105919532,30,11.8025609009381,28.1385753515362,30,10.6736664265127,30,0,30,30,30,29.5546798631571,30,30,0.3,0,0.0373705322366095,0,0,0,0,0,0,0.3,0.3,0.3,0.0108371914306775,0,0,0,0,0,0,0,0,0.252425270173755,0.3,0,0,0,0.3,0,-40.5
"46",50,50,18.7105465025056,5.37589202989751,50,50,50,50,0,50,0,50,50,0,49.4715645112279,30.8973523757667,13.618688157349,0,0,0,0,0,0,5.71055773750098,50,40.1915462852835,50,50,0,30,30,30,0,5.36265100616017,30,30,13.4621203336511,30,0,30,30,12.6084077862932,15.8418850863699,30,21.8220743889373,28.0632609321407,30,5.99184887709369,30,0,30,30,30,28.0821000123703,30,30,0.3,0,0.0823055201868265,0,0,0,0,0,0,0.3,0.3,0.3,0.00730336182754119,0,0,0,0,0.0388488137297508,0,0,0,0.168170446647186,0.3,0,0,0,0.3,0,-38.3
"47",50,39.3837183577733,6.86440451219015,4.50268011746207,50,50,50,50,0,50,0,50,50,0,50,19.9795940285022,13.2142264459423,0,0,0,0,0,0,1.54063675310638,50,42.4864941240012,50,50,0,29.389342701108,30,30,0,8.53945021283205,18.9315619245292,30,12.5998038542688,30,0,30,30,4.32500346152648,7.70643412240583,30,11.763052348649,27.9814730143254,30,10.3988938918598,30,0,30,30,30,28.4180509706293,30,30,0.3,0,0.0373872780451275,0,0,0,0,0,0,0.3,0.3,0.3,0.0114039007282348,0,0,0,0,0.0171292663325841,0,0,0,0.252693048651017,0.3,0,0,0,0.3,0,-38.9
"48",49.9546158752342,33.2138191672115,0,2.19805345129044,50,50,50,50,0,50,0,50,50,0,50,14.3092475724869,7.67622973911644,0,0,0,0,0,0,0,50,47.9152127918303,50,50,0,29.6867575030799,30,30,0,11.6419351456514,15.346342597386,30,10.0243923272932,30,0,30,30,1.82927253142646,3.7101836161637,30,7.82313645823644,26.1789505002906,30,14.4202561894697,30,0,30,30,30,28.4261666636541,30,30,0.3,0,0,0,0,0,0,0,0,0.3,0.3,0.3,0.0191777510365073,0,0,0,0,0,0,0,0,0.290299941704903,0.3,0,0,0,0.3,0,-42.9
"49",50,50,21.9344411215263,4.62338795320647,50,50,50,50,0,50,0,50,50,0,50,33.0010025454404,15.3907287210534,0,0,0,0,0,0,5.81504609815418,50,37.6068594373162,50,50,0,30,30,30,0,5.21386400360545,27.4333250787033,30,10.9035480692055,30,0,30,30,14.3414215222567,17.0081385425183,30,21.1734653126089,29.2425787166765,30,4.49850553825663,30,0,30,30,30,28.8617787181428,30,30,0.3,0,0.0832943898658679,0,0,0,0,0,0,0.3,0.3,0.3,0.00499824264910254,0,0,0,0,0.0144261885135195,0,0,0,0.139961258414527,0.3,0,0,0,0.3,0,-41.9
"50",50,29.6289370799576,0,2.68909085518085,50,50,50,50,0,50,0,50,50,0,50,13.0216758592389,10.4243181212451,0,0,0,0,0,0,0,50,43.0762738647027,50,50,0,28.8897719261648,30,30,0,11.47869946177,15.0731473170332,30,14.0691437959227,30,0,30,30,0,1.56351981501705,30,4.36325321690942,27.5876462424299,30,12.3146950790992,30,0,30,30,30,28.5496397175616,30,30,0.3,0,0.00941724483069955,0,0,0,0,0,0,0.3,0.3,0.3,0.0148646082462336,0,0,0,2.16004777731515e-05,0,0,0,0,0.3,0.3,0,0,0,0.3,0,-47.1
"51",50,37.4810812643158,0.595949042342277,1.02959577005884,50,50,50,50,0,50,0,50,50,0,50,14.0853159527893,12.9309395947307,0,0,0,0,0,0,1.50859274117016,50,44.8941488825936,50,50,0,29.1783041071763,30,30,0,12.3524401506399,16.0321931515458,30,13.1346880177032,30,0,30,30,0.824186096472808,6.05048678926019,30,10.2621607483434,29.7909890945419,30,14.9363480092146,30,0,30,30,30,30,30,30,0.3,0,0.0178942472071361,0,0,0,0,0,0,0.3,0.3,0.3,0.0154510216956096,0,0,0,0,0,0,0,0,0.271305016861476,0.3,0,0,0,0.3,0,-46.1
"52",50,40.6631391451697,10.0655211217434,3.36759426936948,50,50,50,50,0,50,0,50,50,0,50,23.2395136536314,12.6048900176294,0,0,0,0,0,0,3.12341948976216,50,41.0473467193105,50,50,0,29.7095133854126,30,30,0,7.28684559045342,21.3196895767594,30,11.3182720583196,30,0,30,30,6.93665352347742,10.7758703585795,30,14.671797870829,27.9114549047842,30,8.8913120343335,30,0,30,30,30,29.0061843215286,30,30,0.3,0,0.0501732332970258,0,0,0,0,0,0,0.3,0.3,0.3,0.0106570796387278,0,0,0,0,0.0148111967462336,0,0,0,0.219187714391001,0.3,0,0,0,0.3,0,-38.1
"53",50,37.3194184786261,3.79198600708035,3.52889003823479,50,50,50,50,0,50,0,50,50,0,50,21.1587747486385,12.2842098600144,0,0,0,0.30027221176098,0,0,4.1208410239423,50,42.3061753736144,50,50,0,29.7443612808844,30,30,0,10.6390993763229,19.6389233333207,30,11.8177342425236,30,0,30,30,4.68925356354649,9.30835080071728,30,14.2516889147137,28.1082862243802,30,9.2024638846802,30,0,30,30,30,28.3884577926045,30,30,0.3,0,0.0630331689618233,0,0,0,0,0,0,0.3,0.3,0.3,0.0116598533025427,0,0,0,0,0,0,0,0,0.223884513280929,0.3,0,0,0,0.3,0,-38.3
"54",50,48.1962463735664,24.3282707277255,4.4042629714663,50,50,50,50,0,50,0,50,50,0,50,30.7199098575365,16.6925846789368,0,0,0,0,0,0,5.14586984002451,50,35.1980327299066,50,50,0,29.7480391645002,30,30,0,5.15044603997193,26.9703364591112,30,11.1549669512972,30,0,30,30,13.1121338345707,15.9536471447429,30,19.4141427430179,28.981617511002,30,6.10095306698958,30,0,30,30,30,28.210391383767,30,30,0.3,0,0.0804938050248109,0,0,0,0,0,0,0.3,0.3,0.3,0.00576086718755633,0,0,0,0,0.059870073126015,0,0,0,0.158741450151957,0.3,0,0,0,0.3,0,-41.4
"55",50,43.3125314122609,7.92178786660715,4.73980144539635,50,50,50,50,0,50,0,50,50,0,50,20.338299067669,17.4484242320737,0,0,0,0,0,0,1.92702834465005,50,45.0147706102369,50,50,0,29.680419849135,30,30,0,7.80169625205255,21.4963799016566,30,15.8045048256225,30,0,30,30,4.35180113052312,6.63272027966895,30,9.7187555729971,28.4368658876574,30,10.1070510211059,30,0,30,30,30,30,30,30,0.3,0,0.0517492001000326,0,0,0,0,0,0,0.3,0.3,0.3,0.0129541237499059,0,0,0,0,0.00363007014325797,0,0,0,0.275919648187906,0.3,0,0,0,0.3,0,-41.3
"56",48.3763111325324,32.5026517404339,21.1375187197205,6.13584931979565,50,50,50,49.7085961306278,0,50,0,50,50,0,37.1679167398358,24.1099945496219,20.7036635268931,0,0,0,11.3725415072995,0,0.148945754176314,4.11270431035919,50,35.5936051399262,50,50,0,29.1637013514356,30,30,0.580410010948524,9.3580546352155,20.5540534677979,30,14.6046545523397,30,0,30,30,6.31961706171249,10.5116748355286,30,11.1700753583411,27.6852932354354,30,8.5892627271265,30,0,29.6490819743366,30,30,28.9698695409139,29.0164923778718,30,0.298883607093663,0,0.0513223324900553,0,0.000768664052519174,0,0,0.00327168934964561,0,0.3,0.3,0.3,0.00568282120058507,0,0,0,0.0140179298164518,0.0834912463201343,0,0,0,0.228214080081486,0.3,0,0,0.0599263711179929,0.3,0,-44.6
"57",50,37.6747432903001,3.35844176079634,3.08985568586854,50,50,50,50,0,50,0,50,50,0,50,21.83262939655,9.01463144366773,0,0,0,0,0,0,2.35073929577224,50,43.64424309042,50,50,0,29.2936535227764,30,30,0,8.80872739880412,19.5281999202578,30,11.310249068077,30,0,30,30,4.1624084615574,9.33267874589522,30,13.2324854584846,27.9839468864393,30,11.0028027122685,30,0,30,30,30,30,30,30,0.3,0,0.0421479788152084,0,0,0,0,0,0,0.3,0.3,0.3,0.0131582130024838,0,0,0,0,0,0,0,0,0.243648402101826,0.3,0,0,0,0.3,0,-41
"58",50,42.2499375488567,12.4109400247147,3.87908394258039,50,50,50,50,0,50,0,50,50,0,49.901866507079,25.4980757497318,13.4022163434738,0,0,0,0,0,0,3.50360338506358,50,39.9295773565917,50,50,0,30,30,30,0,7.38235099472861,22.1109268013952,30,11.6800665733293,30,0,30,30,8.05877551563349,11.8030953431443,30,15.4125581241955,28.5896729762764,30,8.47416270158486,30,0,30,30,30,28.738832243333,30,30,0.3,0,0.0571820057674791,0,0,0,0,0,0,0.3,0.3,0.3,0.00891989312132042,0,0,0,0,0.0246502827177634,0,0,0,0.209176134284183,0.3,0,0,0,0.3,0,-36.7
"59",50,41.9604081828551,8.07867989271488,2.45880113422711,50,50,50,50,0,50,0,50,50,0,50,23.8442746897901,9.88967502477247,0,0,0,0,0,0,3.21763789181849,50,41.9134835250831,50,50,0,29.4024817951948,30,30,0,7.90865125163489,21.4832441367151,30,10.4956670143396,30,0,30,30,5.73974419056512,10.7962721209629,30,14.389244357757,28.7110859394264,30,9.80122651762058,30,0,30,30,30,29.7017005983768,30,30,0.3,0,0.0458995165098134,0,0,0,0,0,0,0.3,0.3,0.3,0.0110572055027864,0,0,0,0,0,0,0,0,0.227119575857967,0.3,0,0,0,0.3,0,-39.9
"60",50,31.8346662263381,0,2.70131775195246,50,50,50,50,0,50,0,50,50,0,50,15.6284007248734,9.04386958674613,0,0,0,0,0,0,0.565581483236448,50,47.4261700383594,50,50,0,28.9688832542642,30,30,0,10.5566813049139,15.1817798273547,30,11.7917624607564,30,0,30,30,0,3.76896942902904,30,8.0944047000869,28.7882730468266,30,14.1326398402183,30,0,30,30,30,29.7391623738451,30,30,0.3,0,0.0172192308205742,0,0,0,0,0,0,0.3,0.3,0.3,0.0162094985606909,0,0,0,0,0,0,0,0,0.296183517406646,0.3,0,0,0,0.3,0,-47.9
